0 FILE 7140 - Main Model.ldr
0 Main Model
0 Name: 7140 - Main Model.ldr
0 Author: Daniel Goerner [TK-949]
0 !LDRAW_ORG Model
0 !LICENSE Redistributable under CCAL version 2.0 : see CAreadme.txt

0 !THEME Star Wars
0 !KEYWORDS Episode IV, Luke Skywalker, Biggs Darklighter, Rebel Technician, R2-D2

0 !HISTORY 2012-05-19 [TK-949] Creation
0 !HISTORY 2016-02-21 [legolijntje] Updated ~moved files and swapped inlined parts for official versions

1 16 0 0 0 1 0 0 0 1 0 0 0 1 7140 - Minifig - Luke Skywalker.ldr
1 16 140 -8 -100 0.707107 0 -0.707107 0 1 0 0.707107 0 0.707107 7140 - Minifig - Biggs Darklighter.ldr
1 16 410 -32 -180 1 0 0 0 1 0 0 0 1 7140 - Minifig - Rebel Technician.ldr
1 16 0 -112 0 1 0 0 0 1 0 0 0 1 7140 - Minifig - R2-D2.ldr
1 16 410 48 0 1 0 0 0 1 0 0 0 1 7140 - Support Vehicle.ldr
1 16 0 0 0 1 0 0 0 1 0 0 0 1 7140 - Ship.ldr


0 FILE 7140 - Minifig - Luke Skywalker.ldr
0 Minifig - Luke Skywalker
0 Name: 7140 - Minifig - Luke Skywalker.ldr
0 Author: Daniel Goerner [TK-949]
0 !LDRAW_ORG Model
0 !LICENSE Redistributable under CCAL version 2.0 : see CAreadme.txt

1 25 0 -49 -72 1 0 0 0 0 1 0 -1 0 3816.dat
1 25 0 -49 -72 1 0 0 0 0 1 0 -1 0 3817.dat
1 8 0 -60.872 -73.833 1 0 0 0 0.990268 -0.139173 0 0.139173 0.990268 3815.dat
0 STEP
1 25 0 -92.56 -78.285 1 0 0 0 0.990268 -0.139173 0 0.139173 0.990268 973ps1.dat
1 25 -15.552 -83.647 -77.033 0.985 -0.17 0 0.158709 0.919577 -0.358368 0.0609226 0.352992 0.93358 3818.dat
1 25 15.552 -83.647 -77.033 0.985 0.17 0 -0.158709 0.919577 -0.358368 -0.0609226 0.352992 0.93358 3819.dat
1 0 -23.863 -63.525 -80.361 0.985 -0.12019 0.12019 0.158709 0.396775 -0.903507 0.0609226 0.909607 0.410476 3820.dat
1 0 23.863 -63.525 -80.361 0.985 0.12019 -0.12019 -0.158709 0.396775 -0.903507 -0.0609226 0.909607 0.410476 3820.dat
0 STEP
1 14 0 -116.324 -81.626 1 0 0 0 0.990268 -0.139173 0 0.139173 0.990268 3626bps3.dat
0 STEP
1 15 0 -116.324 -81.626 1 0 0 0 0.990268 -0.139173 0 0.139173 0.990268 30370ps2.dat


0 FILE 7140 - Minifig - Biggs Darklighter.ldr
0 Minifig - Biggs Darklighter
0 Name: 7140 - Minifig - Biggs Darklighter.ldr
0 Author: Daniel Goerner [TK-949]
0 !LDRAW_ORG Model
0 !LICENSE Redistributable under CCAL version 2.0 : see CAreadme.txt

1 25 0 44 0 1 0 0 0 1 0 0 0 1 3816.dat
1 25 0 44 0 1 0 0 0 1 0 0 0 1 3817.dat
1 8 0 32 0 1 0 0 0 1 0 0 0 1 3815.dat
0 STEP
1 25 0 0 0 1 0 0 0 1 0 0 0 1 973ps1.dat
1 25 -15.552 9 0 0.985 -0.17 0 0.17 0.985 0 0 0 1 3818.dat
1 25 15.552 9 0 0.985 0.17 0 -0.17 0.985 0 0 0 1 3819.dat
1 0 -23.8634 26.5956 -10.321 0.985 -0.12019 0.12019 0.17 0.696395 -0.696395 0 0.707 0.707 3820.dat
1 0 23.8634 26.5956 -10.321 0.985 0.12019 -0.12019 -0.17 0.696395 -0.696395 0 0.707 0.707 3820.dat
0 STEP
1 14 0 -24 0 1 0 0 0 1 0 0 0 1 3626bp03.dat
0 STEP
1 15 0 -24 0 1 0 0 0 1 0 0 0 1 30370ps4.dat


0 FILE 7140 - Minifig - Rebel Technician.ldr
0 Minifig - Rebel Technician
0 Name: 7140 - Minifig - Rebel Technician.ldr
0 Author: Daniel Goerner [TK-949]
0 !LDRAW_ORG Model
0 !LICENSE Redistributable under CCAL version 2.0 : see CAreadme.txt

1 19 0 32 0 1 0 0 0 1 0 0 0 1 3815.dat
1 19 0 44 0 1 0 0 0 1 0 0 0 1 3816.dat
1 19 0 44 0 1 0 0 0 1 0 0 0 1 3817.dat
0 STEP
1 19 0 0 0 1 0 0 0 1 0 0 0 1 973psa.dat
1 19 -15.552 9 0 0.985 -0.17 0 0.148685 0.8615 -0.48481 0.0824176 0.477537 0.87462 3818.dat
1 19 15.552 9 0 0.985 0.17 0 -0.148685 0.8615 -0.48481 -0.0824176 0.477537 0.87462 3819.dat
1 14 -23.863 29.389 -0.494 0.988435 -0.0364139 0.1442 0.148286 0.316345 -0.936448 -0.0115209 0.947555 0.31864 3820.dat
1 14 23.863 29.389 -0.494 0.987963 0.0699934 -0.134718 -0.150091 0.316248 -0.936193 -0.02293 0.9457 0.323502 3820.dat
0 STEP
1 14 0 -24 0 1 0 0 0 1 0 0 0 1 3626bp35.dat
0 STEP
1 19 0 -24 0 1 0 0 0 1 0 0 0 1 4485.dat


0 FILE 7140 - Minifig - R2-D2.ldr
0 Minifig - R2-D2
0 Name: 7140 - Minifig - R2-D2.ldr
0 Author: Daniel Goerner [TK-949]
0 !LDRAW_ORG Model
0 !LICENSE Redistributable under CCAL version 2.0 : see CAreadme.txt

1 15 0 0 0 1 0 0 0 1 0 0 0 1 30361aps1.dat
0 STEP
1 15 20 0 0 0 0 1 0 1 0 -1 0 0 30362.dat
1 15 -20 0 0 0 0 -1 0 1 0 1 0 0 30362.dat
0 STEP
1 15 0 -34 0 1 0 0 0 1 0 0 0 1 30367aps1.dat


0 FILE 7140 - Support Vehicle Section 1.ldr
0 Support Vehicle Section 1
0 Name: 7140 - Support Vehicle Section 1.ldr
0 Author: Daniel Goerner [TK-949]
0 !LDRAW_ORG Model
0 !LICENSE Redistributable under CCAL version 2.0 : see CAreadme.txt

1 7 0 0 0 0 0 -1 0 1 0 1 0 0 3032.dat
0 STEP
0 ROTSTEP 0 0 180 REL
1 0 -20 8 40 1 0 0 0 1 0 0 0 1 2654.dat
1 0 20 8 40 1 0 0 0 1 0 0 0 1 2654.dat
1 0 -20 8 -40 1 0 0 0 1 0 0 0 1 2654.dat
1 0 20 8 -40 1 0 0 0 1 0 0 0 1 2654.dat
0 STEP
0 ROTSTEP END
1 0 0 -8 40 -1 0 0 0 1 0 0 0 -1 3730.dat
1 0 0 -8 -20 0 0 -1 0 1 0 1 0 0 3020.dat
0 STEP
1 8 0 -32 20 0 0 1 0 1 0 -1 0 0 4854.dat
0 STEP
1 14 0 -16 -30 -1 0 0 0 1 0 0 0 -1 2342.dat
1 14 -30 -40 20 0 0 -1 0 1 0 1 0 0 2431.dat
1 14 30 -40 20 0 0 -1 0 1 0 1 0 0 2431.dat
0 STEP
1 0 18 -40 -30 0 -1 0 1 0 0 0 0 1 4592.dat
1 14 20 -40 -30 0 -0.139173 0.990268 1 0 0 0 0.990268 0.139173 4593.dat
1 0 -18 -40 -30 0 1 0 -1 0 0 0 0 1 4592.dat
1 14 -20 -40 -30 0 0.139173 -0.990268 -1 0 0 0 0.990268 0.139173 4593.dat
0 STEP
1 0 0 -40 44 1 0 0 0 0 1 0 -1 0 3003.dat
1 0 0 -40 68 1 0 0 0 0 1 0 -1 0 3003.dat
1 46 -10 -40 10 1 0 0 0 1 0 0 0 1 4589.dat
1 46 10 -40 10 1 0 0 0 1 0 0 0 1 4589.dat


0 FILE 7140 - Support Vehicle Section 2.ldr
0 Support Vehicle Section 2
0 Name: 7140 - Support Vehicle Section 2.ldr
0 Author: Daniel Goerner [TK-949]
0 !LDRAW_ORG Model
0 !LICENSE Redistributable under CCAL version 2.0 : see CAreadme.txt

1 7 0 0 0 1 0 0 0 1 0 0 0 1 3031.dat
0 STEP
0 ROTSTEP 0 0 180 REL
1 0 -20 8 20 1 0 0 0 1 0 0 0 1 2654.dat
1 0 20 8 20 1 0 0 0 1 0 0 0 1 2654.dat
1 0 -20 8 -20 1 0 0 0 1 0 0 0 1 2654.dat
1 0 20 8 -20 1 0 0 0 1 0 0 0 1 2654.dat
0 STEP
0 ROTSTEP END
1 0 0 -8 -20 1 0 0 0 1 0 0 0 1 3731.dat
1 0 0 -8 20 -1 0 0 0 1 0 0 0 -1 3730.dat
0 STEP
1 8 0 -32 0 0 0 1 0 1 0 -1 0 0 4854.dat
0 STEP
1 0 0 -40 0 0 0 -1 0 1 0 1 0 0 3001.dat
0 STEP
1 14 -30 -40 0 0 0 -1 0 1 0 1 0 0 2431.dat
1 14 30 -40 0 0 0 -1 0 1 0 1 0 0 2431.dat


0 FILE 7140 - Support Vehicle Section 3.ldr
0 Support Vehicle Section 3
0 Name: 7140 - Support Vehicle Section 3.ldr
0 Author: Daniel Goerner [TK-949]
0 !LDRAW_ORG Model
0 !LICENSE Redistributable under CCAL version 2.0 : see CAreadme.txt

1 7 0 0 0 1 0 0 0 1 0 0 0 1 3031.dat
0 STEP
0 ROTSTEP 0 0 180 REL
1 0 -20 8 20 1 0 0 0 1 0 0 0 1 2654.dat
1 0 20 8 20 1 0 0 0 1 0 0 0 1 2654.dat
1 0 -20 8 -20 1 0 0 0 1 0 0 0 1 2654.dat
1 0 20 8 -20 1 0 0 0 1 0 0 0 1 2654.dat
0 STEP
0 ROTSTEP END
1 0 20 -8 0 1 0 0 0 1 0 0 0 1 3022.dat
1 0 -20 -8 0 0 0 1 0 1 0 -1 0 0 3731.dat
0 STEP
1 8 0 -32 0 1 0 0 0 1 0 0 0 1 4854.dat
0 STEP
1 0 -20 -40 0 1 0 0 0 1 0 0 0 1 3003.dat
1 14 -30 -40 -30 1 0 0 0 1 0 0 0 1 4085c.dat
1 14 -10 -40 -30 1 0 0 0 1 0 0 0 1 4085c.dat
1 14 -10 -40 30 -1 0 0 0 1 0 0 0 -1 4085c.dat
1 14 -30 -40 30 -1 0 0 0 1 0 0 0 -1 4085c.dat
0 STEP
1 14 10 -40 0 0 0 -1 0 1 0 1 0 0 2431.dat
1 14 30 -40 -30 1 0 0 0 1 0 0 0 1 4085c.dat
1 14 30 -40 30 -1 0 0 0 1 0 0 0 -1 4085c.dat
0 STEP
1 0 30 -40 -10 0 0 -1 0 1 0 1 0 0 4070.dat
1 0 30 -40 10 0 0 -1 0 1 0 1 0 0 4070.dat
1 0 44 -30 10 0 -1 0 0 0 1 -1 0 0 2555.dat
0 STEP
1 0 0 2 0 1 0 0 0 1 0 0 0 1 7140 - Support Vehicle - Hose.ldr
1 8 0 -64.046 -10 1 0 0 0 1 0 0 0 1 3037.dat
1 8 0 -64.046 10 -1 0 0 0 1 0 0 0 -1 3037.dat
0 STEP
1 0 -10 -32.046 50 1 0 0 0 1 0 0 0 1 55300.dat
1 0 -30 -32.046 50 1 0 0 0 1 0 0 0 1 55295.dat
1 0 30 -40.046 50 -0.190809 0 0.981627 0 1 0 -0.981627 0 -0.190809 55297.dat
1 0 -30 -32.046 -50 -1 0 0 0 1 0 0 0 -1 55299.dat
1 0 -10 -32.046 -50 1 0 0 0 1 0 0 0 1 55298.dat
1 0 30 -40.046 -50 0.207912 0 0.978148 0 1 0 -0.978148 0 0.207912 55296.dat


0 FILE 7140 - Support Vehicle.ldr
0 Support Vehicle
0 Name: 7140 - Support Vehicle.ldr
0 Author: Daniel Goerner [TK-949]
0 !LDRAW_ORG Model
0 !LICENSE Redistributable under CCAL version 2.0 : see CAreadme.txt

1 16 0 0 -130 1 0 0 0 1 0 0 0 1 7140 - Support Vehicle Section 1.ldr
1 16 0 0 0 1 0 0 0 1 0 0 0 1 7140 - Support Vehicle Section 2.ldr
1 16 0 0 110 0 0 -1 0 1 0 1 0 0 7140 - Support Vehicle Section 3.ldr


0 FILE 7140 - Ship.ldr
0 Ship
0 Name: 7140 - Ship.ldr
0 Author: Daniel Goerner [TK-949]
0 !LDRAW_ORG Model
0 !LICENSE Redistributable under CCAL version 2.0 : see CAreadme.txt

1 7 0 0 0 0 0 -1 0 1 0 1 0 0 3029.dat
1 7 -20 -24 110 -1 0 0 0 1 0 0 0 -1 3747a.dat
1 7 20 -24 110 -1 0 0 0 1 0 0 0 -1 3747a.dat
0 STEP
1 8 -30 -24 40 0 0 -1 0 1 0 1 0 0 3009.dat
1 8 30 -24 40 0 0 -1 0 1 0 1 0 0 3009.dat
1 7 10 0 -130 0 0 1 0 1 0 -1 0 0 2420.dat
1 7 -10 0 -130 -1 0 0 0 1 0 0 0 -1 2420.dat
0 STEP
1 8 -30 -24 -40 0 0 1 0 1 0 -1 0 0 3660.dat
1 8 -30 -24 -80 0 0 1 0 1 0 -1 0 0 3660.dat
1 8 -30 -24 -120 0 0 1 0 1 0 -1 0 0 3660.dat
1 8 30 -24 -120 0 0 -1 0 1 0 1 0 0 3660.dat
1 8 30 -24 -80 0 0 -1 0 1 0 1 0 0 3660.dat
1 8 30 -24 -40 0 0 -1 0 1 0 1 0 0 3660.dat
0 STEP
1 7 0 -24 -150 1 0 0 0 1 0 0 0 1 4855.dat
0 STEP
1 4 0 -32 140 1 0 0 0 1 0 0 0 1 3020.dat
1 4 0 -32 40 0 0 -1 0 1 0 1 0 0 3035.dat
1 4 0 -32 -120 0 0 -1 0 1 0 1 0 0 3035.dat
0 STEP
1 4 -50 -32 -80 0 0 -1 0 1 0 1 0 0 3666.dat
1 4 50 -32 -80 0 0 -1 0 1 0 1 0 0 3666.dat
1 7 0 -40 150 1 0 0 0 1 0 0 0 1 3069bps1.dat
0 STEP
1 7 0 -104 130 -1 0 0 0 1 0 0 0 -1 2362b.dat
1 14 0 -40 110 1 0 0 0 1 0 0 0 1 3069b.dat
1 14 0 -40 80 1 0 0 0 1 0 0 0 1 3068b.dat
0 STEP
1 7 -30 -56 120 0 0 -1 0 1 0 1 0 0 3010.dat
1 7 30 -56 120 0 0 -1 0 1 0 1 0 0 3010.dat
1 7 -30 -56 70 1 0 0 0 1 0 0 0 1 3005.dat
1 7 30 -56 70 1 0 0 0 1 0 0 0 1 3005.dat
1 7 20 -56 50 1 0 0 0 1 0 0 0 1 30365.dat
1 7 20 -56 30 1 0 0 0 1 0 0 0 1 30365.dat
1 7 -20 -56 30 -1 0 0 0 1 0 0 0 -1 30365.dat
1 7 -20 -56 50 -1 0 0 0 1 0 0 0 -1 30365.dat
0 STEP
1 0 -20 -56 -20 0 0 -1 0 1 0 1 0 0 3001.dat
1 0 20 -56 -20 0 0 -1 0 1 0 1 0 0 3001.dat
1 19 0 -40 -90 0 0 -1 0 1 0 1 0 0 3021.dat
1 7 -30 -40 -80 0 0 1 0 1 0 -1 0 0 3069bps1.dat
1 7 30 -40 -80 0 0 -1 0 1 0 1 0 0 3069bps1.dat
0 STEP
1 7 -50 -56 -40 0 0 1 0 1 0 -1 0 0 2877.dat
1 7 -50 -56 -80 0 0 1 0 1 0 -1 0 0 2877.dat
1 7 -50 -56 -120 0 0 1 0 1 0 -1 0 0 2877.dat
1 7 50 -56 -120 0 0 -1 0 1 0 1 0 0 2877.dat
1 7 50 -56 -80 0 0 -1 0 1 0 1 0 0 2877.dat
1 7 50 -56 -40 0 0 -1 0 1 0 1 0 0 2877.dat
0 STEP
1 1 -30 -56 -120 0 0 -1 0 1 0 1 0 0 3004.dat
1 1 30 -56 -120 0 0 -1 0 1 0 1 0 0 3004.dat
1 0 0 -56 -160 0 0 -1 0 1 0 1 0 0 3001.dat
0 STEP
1 7 40 -56 -170 1 0 0 0 1 0 0 0 1 6565.dat
1 7 -40 -56 -170 1 0 0 0 1 0 0 0 1 6564.dat
0 STEP
1 7 -30 -80 150 1 0 0 0 1 0 0 0 1 3005.dat
1 7 30 -80 150 1 0 0 0 1 0 0 0 1 3005.dat
1 7 -30 -80 80 0 0 -1 0 1 0 1 0 0 3009.dat
1 7 30 -80 80 0 0 -1 0 1 0 1 0 0 3009.dat
0 STEP
1 4 0 -64 0 1 0 0 0 1 0 0 0 1 3022.dat
1 4 -30 -64 0 0 0 -1 0 1 0 1 0 0 3794a.dat
1 4 30 -64 0 0 0 -1 0 1 0 1 0 0 3794a.dat
1 0 0 -80 40 1 0 0 0 1 0 0 0 1 3003.dat
0 STEP
1 14 0 -72 0 1 0 0 0 1 0 0 0 1 3068b.dat
1 4 0 -80 -40 1 0 0 0 1 0 0 0 1 2456.dat
1 4 -50 -80 -80 0 0 -1 0 1 0 1 0 0 3004.dat
1 4 50 -80 -80 0 0 -1 0 1 0 1 0 0 3004.dat
0 STEP
1 7 40 -80 -130 1 0 0 0 1 0 0 0 1 6565.dat
1 7 -40 -80 -130 1 0 0 0 1 0 0 0 1 6564.dat
1 0 0 -80 -150 -1 0 0 0 1 0 0 0 -1 3039ps1.dat
0 
1 7 -30 -104 130 -1 0 0 0 1 0 0 0 -1 3040b.dat
1 7 30 -104 130 -1 0 0 0 1 0 0 0 -1 3040b.dat
1 8 -30 -104 90 0 0 1 0 1 0 -1 0 0 3622.dat
1 8 30 -104 90 0 0 1 0 1 0 -1 0 0 3622.dat
0 STEP
1 7 0 -104 -30 1 0 0 0 1 0 0 0 1 3009.dat
1 7 20 -104 50 1 0 0 0 1 0 0 0 1 30365.dat
1 7 20 -104 30 1 0 0 0 1 0 0 0 1 30365.dat
1 7 -20 -104 30 -1 0 0 0 1 0 0 0 -1 30365.dat
1 7 -20 -104 50 -1 0 0 0 1 0 0 0 -1 30365.dat
0 STEP
1 8 -50 -88 -60 0 0 -1 0 1 0 1 0 0 3023.dat
1 8 50 -88 -60 0 0 -1 0 1 0 1 0 0 3023.dat
1 8 -50 -88 -110 1 0 0 0 1 0 0 0 1 2420.dat
1 8 50 -88 -110 0 0 -1 0 1 0 1 0 0 2420.dat
0 STEP
1 8 -30 -88 -150 1 0 0 0 1 0 0 0 1 2420.dat
1 8 30 -88 -150 0 0 -1 0 1 0 1 0 0 2420.dat
1 8 0 -112 40 1 0 0 0 1 0 0 0 1 3022.dat
1 4 30 -112 80 0 0 -1 0 1 0 1 0 0 2431.dat
1 4 -30 -112 80 0 0 -1 0 1 0 1 0 0 2431.dat
0 STEP
1 7 0 -112 130 1 0 0 0 1 0 0 0 1 4625.dat
1 8 0 -120 100 1 0 0 0 1 0 0 0 1 4213.dat
1 19 0 -120 40 -1 0 0 0 1 0 0 0 -1 3068bps1.dat
1 7 -10 -128 -30 0 0 1 0 1 0 -1 0 0 3040b.dat
1 7 10 -128 -30 0 0 -1 0 1 0 1 0 0 3040b.dat
0 STEP
1 7 0 -32 -320 1 0 0 0 1 0 0 0 1 7140 - Ship Nose.ldr
0 STEP
1 7 0 -88 -50 1 0 0 0 1 0 0 0 1 7140 - Cockpit Rear.ldr
1 19 0 -96 -220 0 0 -1 0 1 0 1 0 0 3034.dat
0 STEP
1 19 50 -96 -80 0 0 -1 0 1 0 1 0 0 3710.dat
1 19 -50 -96 -80 0 0 -1 0 1 0 1 0 0 3710.dat
1 19 -30 -96 -140 0 0 -1 0 1 0 1 0 0 3710.dat
1 19 30 -96 -140 0 0 -1 0 1 0 1 0 0 3710.dat
1 19 0 -96 -370 1 0 0 0 1 0 0 0 1 3069b.dat
1 7 0 -96 -390 1 0 0 0 1 0 0 0 1 3069b.dat
1 19 0 -136 -40 1 0 0 0 1 0 0 0 1 3068bps1.dat
0 STEP
1 16 180 -64 40 1 0 0 0 1 0 0 0 1 7140 - Lower Left Wing.ldr
0 STEP
1 16 -180 -64 40 -1 0 0 0 1 0 0 0 -1 7140 - Lower Right Wing.ldr
0 STEP
1 16 180 -80 40 1 0 0 0 1 0 0 0 1 7140 - Upper Left Wing.ldr
0 STEP
1 16 -180 -80 40 -1 0 0 0 1 0 0 0 -1 7140 - Upper Right Wing.ldr
0 STEP
1 16 90 -114 156 1 0 0 0 0 -1 0 1 0 7140 - Rear Engines.ldr
1 16 90 -26 156 1 0 0 0 0 -1 0 1 0 7140 - Rear Engines.ldr
1 16 -90 -114 156 1 0 0 0 0 -1 0 1 0 7140 - Rear Engines.ldr
1 16 -90 -26 156 1 0 0 0 0 -1 0 1 0 7140 - Rear Engines.ldr
1 40 0 -134 -50 1 0 0 0 1 0 0 0 1 30372p79.dat
1 40 0 16 40 1 0 0 0 1 0 0 0 1 7140 - Landing Gear Tail.ldr
1 40 0 -24 -360 1 0 0 0 1 0 0 0 1 7140 - Landing Gear Bow.ldr



0 FILE 7140 - Ship Nose.ldr
0 Ship Nose
0 Name: 7140 - Ship Nose.ldr
0 Author: Daniel Goerner [TK-949]
0 !LDRAW_ORG Model
0 !LICENSE Redistributable under CCAL version 2.0 : see CAreadme.txt

1 7 0 0 0 0 0 -1 0 1 0 1 0 0 2445.dat
1 7 -10 -24 110 0 0 1 0 1 0 -1 0 0 3665.dat
1 7 10 -24 110 0 0 -1 0 1 0 1 0 0 3665.dat
0 STEP
1 7 0 -24 80 0 0 -1 0 1 0 1 0 0 4871.dat
0 STEP
1 7 0 -24 20 0 0 -1 0 1 0 1 0 0 4854.dat
1 7 0 -24 -60 0 0 -1 0 1 0 1 0 0 4854.dat
1 7 0 -24 -110 1 0 0 0 1 0 0 0 1 4855.dat
0 STEP
1 4 0 -32 -100 1 0 0 0 1 0 0 0 1 3020.dat
1 8 0 -32 -160 1 0 0 0 1 0 0 0 1 4859.dat
0 STEP
1 4 0 -32 80 0 0 -1 0 1 0 1 0 0 3035.dat
1 7 30 -32 -40 0 0 -1 0 1 0 1 0 0 2431.dat
0 STEP
1 7 10 -56 150 1 0 0 0 1 0 0 0 1 3046.dat
1 7 -10 -56 150 0 0 1 0 1 0 -1 0 0 3046.dat
0 STEP
1 7 -10 -56 100 0 0 1 0 1 0 -1 0 0 3039.dat
1 7 10 -56 100 0 0 -1 0 1 0 1 0 0 3039.dat
1 7 -10 -56 40 0 0 1 0 1 0 -1 0 0 3037.dat
1 7 10 -56 40 0 0 -1 0 1 0 1 0 0 3037.dat
0 STEP
1 7 -30 -32 -40 0 0 -1 0 1 0 1 0 0 4625.dat
1 7 0 -56 -40 0 0 -1 0 1 0 1 0 0 4857.dat
0 STEP
1 7 -10 -56 -90 0 0 1 0 1 0 -1 0 0 3040b.dat
1 7 10 -56 -90 0 0 -1 0 1 0 1 0 0 3040b.dat
1 7 0 -56 -110 1 0 0 0 1 0 0 0 1 6069ps1.dat



0 FILE 7140 - Cockpit Rear.ldr
0 Cockpit Rear
0 Name: 7140 - Cockpit Rear.ldr
0 Author: Daniel Goerner [TK-949]
0 !LDRAW_ORG Model
0 !LICENSE Redistributable under CCAL version 2.0 : see CAreadme.txt

1 8 0 0 0 1 0 0 0 1 0 0 0 1 3710.dat
1 19 0 -8 0 1 0 0 0 1 0 0 0 1 3710.dat
0 STEP
1 8 20 -32 0 1 0 0 0 1 0 0 0 1 76385.dat
1 8 -20 -32 0 -1 0 0 0 1 0 0 0 -1 76385.dat
0 STEP
1 1 0 -40 0 1 0 0 0 1 0 0 0 1 3023.dat



0 FILE 7140 - Lower Left Wing.ldr
0 Lower Left Wing
0 Name: 7140 - Lower Left Wing.ldr
0 Author: Daniel Goerner [TK-949]
0 !LDRAW_ORG Model
0 !LICENSE Redistributable under CCAL version 2.0 : see CAreadme.txt

1 7 0 0 0 0 0 -1 0 1 0 1 0 0 30355.dat
1 4 -100 -8 0 1 0 0 0 1 0 0 0 1 3068b.dat
1 4 110 -8 -40 0 0 -1 0 1 0 1 0 0 2412b.dat
0 STEP
0 ROTSTEP 0 180 180 REL
1 8 -100 8 10 -1 0 0 0 1 0 0 0 -1 30364.dat
1 8 -100 8 -10 -1 0 0 0 1 0 0 0 -1 30364.dat
0 STEP
1 8 -70 8 0 0 0 -1 0 1 0 1 0 0 3747a.dat
0 STEP
1 7 -90 38 0 1 0 0 0 1 0 0 0 1 30360.dat
0 STEP
1 7 -50 8 30 0 0 -1 0 1 0 1 0 0 4287.dat
1 7 -50 8 -30 0 0 -1 0 1 0 1 0 0 4287.dat
0 STEP
1 8 110 8 -20 1 0 0 0 1 0 0 0 1 30359a.dat
1 8 110 18.5 -160 1 0 0 0 0 1 0 -1 0 4740.dat
1 7 110 18.5 -168 1 0 0 0 0 1 0 -1 0 4589.dat



0 FILE 7140 - Lower Right Wing.ldr
0 Lower Right Wing
0 Name: 7140 - Lower Right Wing.ldr
0 Author: Daniel Goerner [TK-949]
0 !LDRAW_ORG Model
0 !LICENSE Redistributable under CCAL version 2.0 : see CAreadme.txt

1 7 0 0 0 0 0 -1 0 1 0 1 0 0 30356.dat
1 4 -100 -8 0 1 0 0 0 1 0 0 0 1 3068b.dat
1 4 110 -8 40 0 0 -1 0 1 0 1 0 0 2412b.dat
0 STEP
0 ROTSTEP 0 180 180 REL
1 8 -100 8 10 -1 0 0 0 1 0 0 0 -1 30364.dat
1 8 -100 8 -10 -1 0 0 0 1 0 0 0 -1 30364.dat
0 STEP
1 8 -70 8 0 0 0 -1 0 1 0 1 0 0 3747a.dat
0 STEP
1 7 -90 38 0 -1 0 0 0 1 0 0 0 -1 30360.dat
0 STEP
1 7 -50 8 30 0 0 -1 0 1 0 1 0 0 4287.dat
1 7 -50 8 -30 0 0 -1 0 1 0 1 0 0 4287.dat
0 STEP
1 8 110 8 20 -1 0 0 0 1 0 0 0 -1 30359a.dat
1 8 110 18.5 160 -1 0 0 0 0 1 0 1 0 4740.dat
1 7 110 18.5 168 -1 0 0 0 0 1 0 1 0 4589.dat



0 FILE 7140 - Upper Left Wing.ldr
0 Upper Left Wing
0 Name: 7140 - Upper Left Wing.ldr
0 Author: Daniel Goerner [TK-949]
0 !LDRAW_ORG Model
0 !LICENSE Redistributable under CCAL version 2.0 : see CAreadme.txt

1 7 0 0 0 0 0 -1 0 1 0 1 0 0 30355.dat
1 8 -100 -24 10 -1 0 0 0 1 0 0 0 -1 30364.dat
1 8 -100 -24 -10 -1 0 0 0 1 0 0 0 -1 30364.dat
0 STEP
1 8 -70 -24 0 0 0 -1 0 1 0 1 0 0 3298.dat
0 STEP
1 8 0 0 0 1 0 0 0 1 0 0 0 1 7140 - Upper Left Wing Engine.ldr
0 STEP
1 7 -50 -24 -30 0 0 -1 0 1 0 1 0 0 4286.dat
1 7 -50 -24 30 0 0 -1 0 1 0 1 0 0 4286.dat
0 STEP
1 4 60 -8 -20 1 0 0 0 1 0 0 0 1 3068b.dat
1 7 20 -8 10 1 0 0 0 1 0 0 0 1 2431p79.dat
0 STEP
1 8 110 -24 -20 1 0 0 0 1 0 0 0 1 30359a.dat
1 8 110 -13.5 -160 1 0 0 0 0 1 0 -1 0 4740.dat
1 7 110 -13.5 -168 1 0 0 0 0 1 0 -1 0 4589.dat



0 FILE 7140 - Upper Left Wing Engine.ldr
0 Upper Left Wing Engine
0 Name: 7140 - Upper Left Wing Engine.ldr
0 Author: Daniel Goerner [TK-949]
0 !LDRAW_ORG Model
0 !LICENSE Redistributable under CCAL version 2.0 : see CAreadme.txt

1 7 -90 -34 0 1 0 0 0 1 0 0 0 1 30360.dat
1 4 -110 -48 0 0 0 -1 0 1 0 1 0 0 2412b.dat
0 STEP
1 7 -90 -64 0 0 0 -1 0 1 0 1 0 0 3039.dat



0 FILE 7140 - Upper Right Wing.ldr
0 Upper Right Wing
0 Name: 7140 - Upper Right Wing.ldr
0 Author: Daniel Goerner [TK-949]
0 !LDRAW_ORG Model
0 !LICENSE Redistributable under CCAL version 2.0 : see CAreadme.txt

1 7 0 0 0 0 0 -1 0 1 0 1 0 0 30356.dat
1 8 -100 -24 10 -1 0 0 0 1 0 0 0 -1 30364.dat
1 8 -100 -24 -10 -1 0 0 0 1 0 0 0 -1 30364.dat
0 STEP
1 8 -70 -24 0 0 0 -1 0 1 0 1 0 0 3298.dat
0 STEP
1 8 0 0 0 1 0 0 0 1 0 0 0 1 7140 - Upper Right Wing Engine.ldr
0 STEP
1 7 -50 -24 30 0 0 -1 0 1 0 1 0 0 4286.dat
1 7 -50 -24 -30 0 0 -1 0 1 0 1 0 0 4286.dat
0 STEP
1 7 20 -8 -10 1 0 0 0 1 0 0 0 1 2431p79.dat
1 4 60 -8 20 1 0 0 0 1 0 0 0 1 3068b.dat
0 STEP
1 8 110 -24 20 -1 0 0 0 1 0 0 0 -1 30359a.dat
1 8 110 -13.5 160 -1 0 0 0 0 1 0 1 0 4740.dat
1 7 110 -13.5 168 -1 0 0 0 0 1 0 1 0 4589.dat



0 FILE 7140 - Upper Right Wing Engine.ldr
0 Upper Right Wing Engine
0 Name: 7140 - Upper Right Wing Engine.ldr
0 Author: Daniel Goerner [TK-949]
0 !LDRAW_ORG Model
0 !LICENSE Redistributable under CCAL version 2.0 : see CAreadme.txt

1 7 -90 -34 0 -1 0 0 0 1 0 0 0 -1 30360.dat
1 4 -110 -48 0 0 0 -1 0 1 0 1 0 0 2412b.dat
0 STEP
1 7 -90 -64 0 0 0 -1 0 1 0 1 0 0 3039.dat



0 FILE 7140 - Rear Engines.ldr
0 Rear Engines
0 Name: 7140 - Rear Engines.ldr
0 Author: Daniel Goerner [TK-949]
0 !LDRAW_ORG Model
0 !LICENSE Redistributable under CCAL version 2.0 : see CAreadme.txt

1 38 0 0 0 1 0 0 0 1 0 0 0 1 3941.dat
0 STEP
1 7 0 -24 0 1 0 0 0 1 0 0 0 1 3941.dat
1 7 0 -48 0 1 0 0 0 1 0 0 0 1 3941.dat
0 STEP
1 0 0 -56 0 1 0 0 0 1 0 0 0 1 4032a.dat



0 FILE 7140 - Landing Gear Bow.ldr
0 Landing Gear Bow
0 Name: 7140 - Landing Gear Bow.ldr
0 Author: Daniel Goerner [TK-949]
0 !LDRAW_ORG Model
0 !LICENSE Redistributable under CCAL version 2.0 : see CAreadme.txt

1 7 0 80 2 1 0 0 0 1 0 0 0 1 6120.dat
0 STEP
1 7 0 72 0 1 0 0 0 1 0 0 0 1 6141.dat
0 STEP
1 7 0 24 0 1 0 0 0 1 0 0 0 1 3062b.dat
1 7 0 48 0 1 0 0 0 1 0 0 0 1 3062b.dat
1 7 0 0 0 -1 0 0 0 1 0 0 0 -1 3665.dat


0 FILE 7140 - Landing Gear Tail.ldr
0 Landing Gear Tail
0 Name: 7140 - Landing Gear Tail.ldr
0 Author: Daniel Goerner [TK-949]
0 !LDRAW_ORG Model
0 !LICENSE Redistributable under CCAL version 2.0 : see CAreadme.txt

1 7 -90 40 -10 0 0 -1 0 1 0 1 0 0 3623.dat
1 7 90 40 -10 0 0 -1 0 1 0 1 0 0 3623.dat
0 STEP
1 7 0 -8 0 0 0 -1 0 1 0 1 0 0 30180.dat


0 FILE 7140 - Support Vehicle - Hose.ldr
0 Support Vehicle - Hose
0 Name: 7140 - Support Vehicle - Hose.ldr
0 Author: Daniel Goerner [TK-949]
0 !LDRAW_ORG Model
0 !LICENSE Redistributable under CCAL version 2.0 : see CAreadme.txt

1 7 52 -30 -10 0 -1 0 1 0 0 0 0 1 750.dat
1 7 50 -39 10 -1 0 0 0 -1 0 0 0 1 750.dat
1 7 50 -39 10 1 0 0 0 1 0 0 0 -1 755.dat
1 7 50 -32.0463 10 0.9976 0 0.0687 0 1 0 0.0687 0 -0.9976 756.dat
1 7 50 -29.726 10 0.9941 0 0.1089 0 1 0 0.1089 0 -0.9941 756.dat
1 7 50 -27.3993 10 0.9888 0 0.149 0 1 0 0.149 0 -0.9888 756.dat
1 7 49.9997 -25.0779 9.9986 0.982 -0.0001 0.1888 0.0002 1 -0.0004 0.1888 -0.0005 -0.982 756.dat
1 7 49.9774 -22.7429 9.8941 0.9735 -0.0075 0.2287 0.0153 0.9994 -0.0324 0.2283 -0.035 -0.973 756.dat
1 7 49.9356 -20.4325 9.6442 0.9632 -0.0157 0.2684 0.0395 0.9957 -0.0838 0.2659 -0.0913 -0.9597 756.dat
1 7 49.8932 -18.1414 9.2681 0.9512 -0.0177 0.3079 0.0617 0.9891 -0.1336 0.3022 -0.1461 -0.942 756.dat
1 7 49.8683 -15.8764 8.7701 0.9379 -0.0123 0.3468 0.0805 0.9799 -0.1828 0.3375 -0.1993 -0.92 756.dat
1 7 49.8823 -13.6248 8.152 0.923 0.0019 0.3848 0.0947 0.9681 -0.2318 0.373 -0.2504 -0.8934 756.dat
1 7 49.9626 -11.4301 7.4273 0.9068 0.0272 0.4208 0.1025 0.9538 -0.2824 0.409 -0.2991 -0.8621 756.dat
1 7 50.1439 -9.2654 6.594 0.8884 0.0665 0.4542 0.1019 0.9362 -0.3364 0.4476 -0.3452 -0.8249 756.dat
1 7 50.4723 -7.1661 5.6683 0.8668 0.1246 0.4829 0.0898 0.9134 -0.397 0.4905 -0.3875 -0.7805 756.dat
1 7 51.0124 -5.1275 4.6553 0.8385 0.2076 0.5039 0.0626 0.8818 -0.4675 0.5414 -0.4236 -0.7263 756.dat
1 7 51.8381 -3.2212 3.5982 0.7973 0.322 0.5105 0.0162 0.8341 -0.5514 0.6034 -0.4479 -0.6598 756.dat
1 7 53.0314 -1.5168 2.5538 0.7316 0.4712 0.4926 -0.0509 0.7584 -0.6498 0.6798 -0.4504 -0.5788 756.dat
1 7 54.6393 -0.1103 1.6106 0.6274 0.6434 0.4385 -0.1299 0.6418 -0.7558 0.7677 -0.4173 -0.4863 756.dat
1 7 56.6115 0.9213 0.8619 0.4847 0.8022 0.3486 -0.1966 0.4883 -0.8502 0.8523 -0.3435 -0.3944 756.dat
1 7 58.797 1.5672 0.3604 0.3293 0.9124 0.2433 -0.2294 0.3272 -0.9167 0.916 -0.246 -0.317 756.dat
1 7 61.0958 1.9134 0.0765 0.1915 0.9706 0.1461 -0.2271 0.1886 -0.9554 0.9549 -0.1498 -0.2565 756.dat
1 7 63.4169 2.0325 -0.0268 0.0841 0.9942 0.0667 -0.2024 0.0826 -0.9758 0.9757 -0.0686 -0.2082 756.dat
1 7 65.7312 1.9888 -0.0118 0.0114 0.9999 0.0025 -0.1661 0.0044 -0.9861 0.986 -0.0108 -0.1661 756.dat
1 7 68.0705 1.8152 -0.0581 0.0106 0.9982 -0.0587 -0.1257 -0.0569 -0.9904 0.992 -0.0179 -0.1249 756.dat
1 7 70.3596 1.4814 -0.1624 0.0282 0.9915 -0.1272 -0.0872 -0.1243 -0.9884 0.9958 -0.039 -0.0829 756.dat
1 7 72.6252 0.9592 -0.3256 0.0541 0.9774 -0.2046 -0.0506 -0.2019 -0.9781 0.9973 -0.0632 -0.0385 756.dat
1 7 74.8217 0.2227 -0.5557 0.0897 0.9524 -0.2915 -0.018 -0.291 -0.9565 0.9958 -0.0911 0.0089 756.dat
1 7 76.9218 -0.7589 -0.8625 0.1366 0.9118 -0.3873 0.0079 -0.3919 -0.92 0.9906 -0.1226 0.0607 756.dat
1 7 78.8559 -2.0012 -1.2507 0.195 0.8502 -0.489 0.0233 -0.5025 -0.8643 0.9805 -0.1571 0.1178 756.dat
1 7 80.544 -3.5063 -1.721 0.2641 0.7612 -0.5924 0.0232 -0.619 -0.785 0.9642 -0.1936 0.1811 756.dat
1 7 81.9526 -5.2898 -2.2784 0.3409 0.6401 -0.6885 0.0037 -0.7333 -0.6799 0.9401 -0.2293 0.2524 756.dat
1 7 82.986 -7.2908 -2.9037 0.4183 0.489 -0.7655 -0.038 -0.8326 -0.5526 0.9075 -0.2603 0.3297 756.dat
1 7 83.607 -9.4453 -3.577 0.4881 0.3169 -0.8132 -0.1002 -0.9053 -0.4129 0.867 -0.283 0.4101 756.dat
1 7 83.8018 -11.6599 -4.269 0.5435 0.1374 -0.8281 -0.1775 -0.9454 -0.2733 0.8204 -0.2955 0.4894 756.dat
1 7 83.5953 -13.8743 -4.9611 0.5815 -0.0375 -0.8127 -0.2635 -0.9538 -0.1445 0.7697 -0.2982 0.5645 756.dat
1 7 83.0242 -16.0407 -5.638 0.6021 -0.1988 -0.7733 -0.352 -0.9354 -0.0336 0.7167 -0.2924 0.6332 756.dat
1 7 82.1342 -18.0935 -6.2796 0.6067 -0.3419 -0.7176 -0.4386 -0.8969 0.0566 0.663 -0.2804 0.6941 756.dat
1 7 80.9697 -20.0043 -6.8767 0.5975 -0.4672 -0.6518 -0.5212 -0.8439 0.127 0.6094 -0.2638 0.7477 756.dat
1 7 79.5569 -21.7766 -7.4305 0.5763 -0.5759 -0.5798 -0.5991 -0.7803 0.1795 0.5558 -0.2439 0.7947 756.dat
1 7 77.9316 -23.3947 -7.9362 0.5457 -0.668 -0.506 -0.6704 -0.7103 0.2147 0.5028 -0.2221 0.8354 756.dat
1 7 76.1663 -24.8022 -8.376 0.5064 -0.7455 -0.4333 -0.7347 -0.6361 0.2359 0.4515 -0.1989 0.8698 756.dat
1 7 74.2302 -26.0585 -8.7686 0.4604 -0.8103 -0.3626 -0.7922 -0.5593 0.2441 0.4006 -0.1749 0.8994 756.dat
1 7 72.1973 -27.1214 -9.1008 0.4091 -0.863 -0.2964 -0.8421 -0.4822 0.2415 0.3514 -0.1508 0.924 756.dat
1 7 70.0697 -28.0101 -9.3785 0.3539 -0.9052 -0.2353 -0.8847 -0.4056 0.2297 0.3034 -0.1269 0.9444 756.dat
1 7 67.8705 -28.7255 -9.6021 0.2957 -0.9382 -0.1799 -0.9202 -0.3303 0.2102 0.2566 -0.1033 0.961 756.dat
1 7 65.5937 -29.2841 -9.7766 0.2364 -0.9628 -0.1309 -0.9485 -0.2579 0.1838 0.2107 -0.0807 0.9742 756.dat
1 7 63.3193 -29.673 -9.8981 0.177 -0.9802 -0.0889 -0.97 -0.1891 0.153 0.1668 -0.0592 0.9842 756.dat
1 7 61.0073 -29.9161 -9.9741 0.1179 -0.9916 -0.0534 -0.9853 -0.1236 0.1182 0.1238 -0.0387 0.9915 756.dat
1 7 58.6763 -30.0195 -10.0064 0.0601 -0.9979 -0.0244 -0.9948 -0.0619 0.0804 0.0818 -0.0195 0.9965 756.dat
1 7 56.3442 -30.0058 -10.0021 0.009 -1 -0.0033 -0.9991 -0.0092 0.0407 0.0408 -0.003 0.9992 756.dat
1 7 52.0002 -30.0459 -10.0149 0.0092 1 -0.003 -1 0.0092 0 0 0.003 1 755.dat