manual/examples/resources/data/gpw/gpw_v4_basic_demographic_characteristics_rev10_a000_014ft_2010_dens_1_deg.asc
ncols         360
nrows         145
xllcorner     -180
yllcorner     -60
cellsize      0.99999999999994
NODATA_value  -9999
[rows 0 to 31 of 145, columns 284 to 354 of 360]
-9999 -9999 -9999 -9999 -9999 -9999 -9999 -9999 -9999 -9999 -9999 -9999 -9999 -9999 -9999 -9999 -9999 -9999 -9999 -9999 -9999 -9999 -9999 -9999 -9999 -9999 -9999 -9999 -9999 -9999 -9999 -9999 -9999 -9999 -9999 -9999 -9999 -9999 -9999 -9999 -9999 -9999 -9999 -9999 -9999 -9999 -9999 -9999 -9999 -9999 -9999 -9999 -9999 -9999 -9999 -9999 -9999 -9999 -9999 -9999 -9999 -9999 -9999 -9999 -9999 -9999 -9999 -9999 -9999 -9999 -9999
-9999 -9999 -9999 -9999 -9999 -9999 -9999 -9999 -9999 -9999 -9999 -9999 -9999 -9999 -9999 -9999 -9999 -9999 -9999 -9999 -9999 -9999 -9999 -9999 -9999 -9999 -9999 -9999 -9999 -9999 -9999 -9999 -9999 -9999 -9999 -9999 -9999 -9999 -9999 -9999 -9999 -9999 -9999 -9999 -9999 -9999 -9999 -9999 -9999 -9999 -9999 -9999 -9999 -9999 -9999 -9999 -9999 -9999 -9999 -9999 -9999 -9999 -9999 -9999 -9999 -9999 -9999 -9999 -9999 -9999 -9999
-9999 -9999 -9999 -9999 -9999 -9999 -9999 -9999 -9999 -9999 -9999 -9999 -9999 -9999 -9999 -9999 -9999 -9999 -9999 -9999 -9999 -9999 -9999 -9999 -9999 -9999 -9999 -9999 -9999 -9999 -9999 -9999 -9999 -9999 -9999 -9999 -9999 -9999 -9999 -9999 -9999 -9999 -9999 -9999 -9999 -9999 -9999 -9999 -9999 -9999 -9999 -9999 -9999 -9999 -9999 -9999 -9999 -9999 -9999 -9999 -9999 -9999 -9999 -9999 -9999 -9999 -9999 -9999 -9999 -9999 -9999
-9999 -9999 -9999 -9999 -9999 -9999 -9999 -9999 -9999 -9999 -9999 -9999 -9999 -9999 -9999 -9999 -9999 -9999 -9999 -9999 -9999 -9999 -9999 -9999 -9999 -9999 -9999 -9999 -9999 -9999 -9999 -9999 -9999 -9999 -9999 -9999 -9999 -9999 -9999 -9999 -9999 -9999 -9999 -9999 -9999 -9999 -9999 -9999 -9999 -9999 -9999 -9999 -9999 -9999 -9999 -9999 -9999 -9999 -9999 -9999 -9999 -9999 -9999 -9999 -9999 -9999 -9999 -9999 -9999 -9999 -9999
-9999 -9999 -9999 -9999 -9999 -9999 -9999 -9999 -9999 -9999 -9999 -9999 -9999 -9999 -9999 -9999 -9999 -9999 -9999 -9999 -9999 -9999 -9999 -9999 -9999 -9999 -9999 -9999 -9999 -9999 -9999 -9999 -9999 -9999 -9999 -9999 -9999 -9999 -9999 -9999 -9999 -9999 -9999 -9999 -9999 -9999 -9999 -9999 -9999 -9999 -9999 -9999 -9999 -9999 -9999 -9999 -9999 -9999 -9999 -9999 -9999 -9999 -9999 -9999 -9999 -9999 -9999 -9999 -9999 -9999 -9999
0.003507958 -9999 -9999 -9999 -9999 -9999 -9999 -9999 -9999 -9999 -9999 -9999 -9999 -9999 -9999 -9999 -9999 -9999 -9999 -9999 -9999 -9999 -9999 -9999 -9999 -9999 -9999 -9999 -9999 -9999 -9999 -9999 -9999 -9999 -9999 -9999 -9999 -9999 -9999 -9999 -9999 -9999 -9999 -9999 -9999 -9999 -9999 -9999 -9999 -9999 -9999 -9999 -9999 -9999 -9999 -9999 -9999 -9999 -9999 -9999 -9999 -9999 -9999 -9999 -9999 -9999 -9999 -9999 -9999 -9999 -9999
0.003507958 0.003507958 0.003507958 0.003507958 -9999 -9999 -9999 -9999 -9999 -9999 -9999 -9999 -9999 -9999 -9999 -9999 -9999 -9999 -9999 -9999 -9999 -9999 -9999 -9999 -9999 -9999 -9999 -9999 -9999 -9999 -9999 -9999 -9999 -9999 -9999 -9999 -9999 -9999 -9999 -9999 -9999 -9999 -9999 -9999 -9999 -9999 -9999 -9999 -9999 -9999 -9999 -9999 -9999 -9999 -9999 -9999 -9999 -9999 -9999 -9999 -9999 -9999 -9999 -9999 -9999 -9999 -9999 -9999 -9999 -9999 -9999
0.003507958 0.003507958 0.003507958 0.003507958 0.003507958 -9999 -9999 -9999 -9999 -9999 -9999 -9999 -9999 -9999 -9999 -9999 -9999 -9999 -9999 -9999 -9999 -9999 -9999 -9999 -9999 -9999 -9999 -9999 -9999 -9999 -9999 -9999 -9999 -9999 -9999 -9999 -9999 -9999 -9999 -9999 -9999 -9999 -9999 -9999 -9999 -9999 -9999 -9999 -9999 -9999 -9999 -9999 0.007042026 -9999 -9999 -9999 -9999 -9999 -9999 -9999 -9999 -9999 -9999 -9999 -9999 -9999 -9999 -9999 -9999 -9999 -9999
0.003507958 0.003507958 0.003507958 0.003507958 0.003507958 0.003507958 0.003507958 0.003507958 0.003507958 0.003507958 -9999 -9999 -9999 -9999 -9999 -9999 -9999 -9999 -9999 -9999 -9999 -9999 -9999 -9999 -9999 -9999 -9999 -9999 -9999 -9999 -9999 -9999 -9999 0.006227884 0.006227884 0.006227884 0.006227883 0.006227884 0.006227884 -9999 -9999 -9999 -9999 -9999 0.003389412 0.003389412 -9999 -9999 0.003389412 -9999 -9999 -9999 0.007042026 -9999 0.007042026 -9999 -9999 -9999 -9999 -9999 -9999 -9999 -9999 -9999 -9999 -9999 -9999 -9999 -9999 -9999 -9999
0.003507958 0.003507958 0.003507958 0.003507958 0.003507958 0.003507958 0.003507958 0.003507958 0.003507958 0.003507958 -9999 -9999 -9999 -9999 -9999 -9999 -9999 -9999 -9999 -9999 -9999 -9999 -9999 -9999 -9999 -9999 -9999 -9999 -9999 -9999 -9999 0.006227884 0.006227884 0.006227884 0.006227884 0.006227884 0.006227884 0.006227884 0.006227884 0.006227884 0.006227884 0.005415816 0.003389412 0.003389412 0.003389412 0.003389412 0.003389412 -9999 0.003389412 -9999 -9999 -9999 -9999 -9999 -9999 -9999 -9999 -9999 -9999 -9999 -9999 -9999 -9999 -9999 -9999 -9999 -9999 -9999 -9999 -9999 -9999
0.003507958 0.003507958 0.003507958 0.003507958 0.003507958 0.003507958 0.003507958 0.004053918 0.006521354 0.0071499 -9999 0.0071499 0.007149901 -9999 -9999 -9999 0.005727217 -9999 -9999 -9999 -9999 -9999 -9999 -9999 -9999 -9999 -9999 -9999 -9999 -9999 -9999 0.006227884 0.006227883 0.006227884 0.006227884 0.006227884 0.006227884 0.006227884 0.006227884 0.006227884 -9999 -9999 -9999 0.003389412 0.003389412 0.003389412 0.003389412 -9999 -9999 -9999 -9999 -9999 -9999 -9999 -9999 -9999 -9999 -9999 -9999 -9999 -9999 -9999 -9999 -9999 -9999 -9999 -9999 -9999 -9999 -9999 -9999
0.003507958 0.003507958 0.003507958 0.003507958 0.003507958 0.003507958 0.004508048 0.00689465 0.007149901 0.007149901 0.007149901 0.007149901 0.007149901 0.006889918 0.006245458 0.005727217 0.005727217 -9999 0.005727217 0.005727217 0.005727217 0.005727217 0.005727217 0.005727217 0.005727217 0.005727217 -9999 -9999 -9999 -9999 -9999 0.006227884 0.006227884 -9999 -9999 0.006227884 0.006227884 0.006227884 0.006227884 0.006227884 -9999 -9999 -9999 -9999 -9999 -9999 -9999 -9999 -9999 -9999 -9999 -9999 -9999 -9999 -9999 -9999 -9999 -9999 -9999 -9999 -9999 -9999 -9999 -9999 -9999 -9999 -9999 -9999 -9999 -9999 -9999
0.003507958 0.003507958 0.003507958 0.003507958 0.003507958 0.003507958 0.003893106 0.005987181 0.006050101 0.006755529 0.007149901 0.007149901 0.006334004 0.005807797 0.005815084 0.005194391 0.00464166 0.005727217 0.005727217 0.005727217 0.005727217 0.005727217 0.005727217 0.005727217 0.005727217 0.005727217 -9999 -9999 -9999 -9999 -9999 -9999 -9999 -9999 -9999 0.006227884 0.006227883 0.006227883 0.006227884 0.005913699 0.005066023 0.003389412 0.003389412 0.003389412 0.003389412 0.003389412 -9999 -9999 -9999 -9999 -9999 -9999 -9999 -9999 -9999 -9999 -9999 -9999 -9999 -9999 -9999 -9999 -9999 -9999 -9999 -9999 -9999 -9999 -9999 -9999 -9999
0.003507958 0.003507958 0.003507958 0.003507958 0.003507958 0.003507958 0.003507958 0.003506982 0.001777531 0.00387062 0.006726915 0.003381523 0.001540654 0.001404879 0.001404879 0.001404879 0.001417491 0.002774745 0.005509321 0.005727217 0.005727217 0.005727217 0.005727217 0.005727217 0.005727217 0.005727217 0.005727217 0.006043424 0.006226787 0.006227883 0.006227884 0.006227884 0.006227884 0.006227883 0.006227883 0.006227884 0.006227884 0.006227884 0.005309112 0.003579797 0.003389412 0.003389412 0.003389412 0.003389412 0.003389412 0.003389412 0.003389412 0.003389412 0.003389412 -9999 0.007042026 0.007042026 0.007042027 0.007042026 0.007042026 -9999 -9999 -9999 -9999 -9999 -9999 -9999 -9999 -9999 -9999 -9999 -9999 -9999 -9999 -9999 -9999
0.003507958 0.003507958 0.003507958 0.003507958 0.003507958 0.003071419 0.002038817 0.001585833 0.001404896 0.002277121 0.002082064 0.001412564 0.001404879 0.001404879 0.001404879 0.001404879 0.002944505 0.004206689 0.005694254 0.005727217 0.005727217 0.005727217 0.005727217 0.005727217 0.005727218 0.005727217 0.005727217 0.005727217 0.006031529 0.006202429 0.006227884 0.006227884 0.006227883 0.006227884 0.006227884 0.006227884 0.006105678 0.00452463 0.003432229 0.003389412 0.003389412 0.003389412 0.003389412 0.003389412 0.003389412 0.003389412 0.003389412 0.003389412 0.005725286 0.007042026 0.007042026 0.007042026 0.007042026 0.007042026 0.007042026 0.007042026 0.007042026 0.007042026 0.007042026 -9999 -9999 -9999 -9999 -9999 0.009853738 -9999 0.009853738 0.009853737 -9999 -9999 -9999
0.002751977 0.002757502 0.002419236 0.002168209 0.001767328 0.001591172 0.001404879 0.001404879 0.001404879 0.001404879 0.001404879 0.001404879 0.001404879 0.001404879 0.001404879 0.001868859 0.004682582 0.004960381 0.005609359 0.005723235 0.005668078 0.005727217 0.005727218 0.005727217 0.005727217 0.005727245 0.005727694 0.005732549 0.006664371 0.009013788 0.009667967 0.009295541 0.008477815 0.006474955 0.006227884 0.006227884 0.006226521 0.006119912 0.005705317 0.005730233 0.005081848 0.005113178 0.004523573 0.004612321 0.00503828 0.005619824 0.006236411 0.006364163 0.006967999 0.00719027 0.00706516 0.007043096 0.007042026 0.007042026 0.007042026 0.007042026 0.007042026 0.007042026 0.005905585 0.004733129 0.004733129 0.00473313 0.004733129 0.00839009 0.009853738 0.009853738 0.009853738 0.009853738 0.009853738 0.008112627 0.00481164
0.001692205 0.001692205 0.001662805 0.001404879 0.001404879 0.001404879 0.001404879 0.001404879 0.001404879 0.001404879 0.001404879 0.001404879 0.001404879 0.001404879 0.001486102 0.001881941 0.003214977 0.00344992 0.00344992 0.003694636 0.003585461 0.003762342 0.004443698 0.005853523 0.005919861 0.00591871 0.005962827 0.005966248 0.006551843 0.009654194 0.01009622 0.01009622 0.01009622 0.01006896 0.007567953 0.006227884 0.006236406 0.007002154 0.007327595 0.007327595 0.007327595 0.007327595 0.007327595 0.00737546 0.007537855 0.007623243 0.007623243 0.007623242 0.007623243 0.007623243 0.007623242 0.007548226 0.00744392 0.007412172 0.006929573 0.006464582 0.006357677 0.00618135 0.005774553 0.004733129 0.004733129 0.004733129 0.00473313 0.007764518 0.009853738 0.009853739 0.009853738 0.009853737 0.009853738 0.008856468 0.004286205
0.001692205 0.001688213 0.001594199 0.001404879 0.001404879 0.001404879 0.001404879 0.001404879 0.001404879 0.001404879 0.001404879 0.001404879 0.001404879 0.001799232 0.00307146 0.003449921 0.00344992 0.003449921 0.00344992 0.003449921 0.00344992 0.00344992 0.003710625 0.005361235 0.005970204 0.005970205 0.006317207 0.008113599 0.009529625 0.01009622 0.01009622 0.01009622 0.01009622 0.01009622 0.009057011 0.005418769 0.004906337 0.005703257 0.006183303 0.007022434 0.007327595 0.006854802 0.006721437 0.00642992 0.00741795 0.007698351 0.007653024 0.007623243 0.007623243 0.007623243 0.007623243 0.007623243 0.007623243 0.007383032 0.005197727 0.004733129 0.004733129 0.00473313 0.004733129 0.004733129 0.004733129 0.004733129 0.00473313 0.004956821 0.006345652 0.007057138 0.008305545 0.007055138 0.004611759 0.003731756 0.003631548
0.001692205 0.001683206 0.01882906 0.02450311 0.03448054 0.01763281 0.02413459 0.03158222 0.03107853 0.006897723 0.001404879 0.001404879 0.001404879 0.001404879 0.02252253 0.04313534 0.01539344 0.00344992 0.00344992 0.00344992 0.00344992 0.00344992 0.003544568 0.00983942 0.0105043 0.0103913 0.01055007 0.01009622 0.01009622 0.01009622 0.01009622 0.01009729 0.01027903 0.01014401 0.01009623 0.009383401 0.005356832 0.004680885 0.004680885 0.004718091 0.005256399 0.004719217 0.004680885 0.005913672 0.007375578 0.007785037 0.007784969 0.00775509 0.007678596 0.007633285 0.007046673 0.006934021 0.007199048 0.007439042 0.005904841 0.004649231 0.004733129 0.004733129 0.004733129 0.004733129 0.004733129 0.004733129 0.004498835 0.004411705 0.004190035 0.00376075 0.003618448 0.003517884 0.003517883 0.003517884 0.003517884
0.001692205 0.001797007 0.02671304 0.05027307 0.05027306 0.05027307 0.05027307 0.05027306 0.03614552 0.003445127 0.001404879 0.004966894 0.006603982 0.02908124 0.05390887 0.05365616 0.04245691 0.01461223 0.003729952 0.00344992 0.003601437 0.007243807 0.009117589 0.01333278 0.01418814 0.01418814 0.01416016 0.0125431 0.01017631 0.01037772 0.01069753 0.01111144 0.01125155 0.01123856 0.0112062 0.01129535 0.009235766 0.008040905 0.007050977 0.005425012 0.004728054 0.004680885 0.004680885 0.005116364 0.00669596 0.007785036 0.007785037 0.007785036 0.007367025 0.004881418 0.003045792 0.002713955 0.002734167 0.002908494 0.002588764 0.003082487 0.004003912 0.004520535 0.004733129 0.004733129 0.004733129 0.004287365 0.003523664 0.003517884 0.003517884 0.003517884 0.003517884 0.003517884 0.003517884 0.003517884 0.003517884
0.001692205 0.00518757 0.02727469 0.03597857 0.04240756 0.05027306 0.05027307 0.05027306 0.05027306 0.04453631 0.03650191 0.05121579 0.05229226 0.05229226 0.05229227 0.05569684 0.05315539 0.05203502 0.04858698 0.04013779 0.03875198 0.01586528 0.01418814 0.01418814 0.01418814 0.01418814 0.01418814 0.01418814 0.01261141 0.01125155 0.01125155 0.01125155 0.01125155 0.01125155 0.01125155 0.01130881 0.01169051 0.01187029 0.01187029 0.01187029 0.01043295 0.007885781 0.006375205 0.005461617 0.009673095 0.01103345 0.009793653 0.008277982 0.004484487 0.002713954 0.002713955 0.002980771 0.004145287 0.006513227 0.003221364 0.002013556 0.002013556 0.002124042 0.002721108 0.002198019 0.002141222 0.002192837 0.002430956 0.002650692 0.003080408 0.003517884 0.003517884 0.003517884 0.003517884 0.003517884 0.003517884
0.001692205 0.001692205 0.001998503 0.002338489 0.01251382 0.03962115 0.05027307 0.05027307 0.05027306 0.04976639 0.04735664 0.04896088 0.0514023 0.051975 0.05229227 0.05437778 0.05648687 0.05443509 0.05149317 0.04419202 0.02458251 0.01898052 0.01624333 0.01895246 0.07532715 0.1174002 0.09415223 0.09634224 0.07793461 0.04273933 0.01222593 0.01125155 0.01125155 0.01125155 0.01125155 0.0113257 0.01167311 0.01187029 0.01187029 0.01187029 0.01187029 0.01329394 0.01480441 0.01474153 0.01834169 0.01989722 0.01986909 0.007118968 0.002713955 0.002713955 0.002714439 0.006326254 0.006991651 0.006506471 0.003198873 0.002013556 0.002013556 0.002013556 0.001921444 0.001606057 0.001606057 0.001606057 0.001606057 0.001606057 0.001822733 0.003065694 0.003517884 0.003517884 0.003517884 0.003517884 0.003517884
0.001692205 0.001692205 0.002045449 0.002364941 0.002364941 0.01845927 0.05027149 0.05027307 0.05027306 0.05022577 0.04822254 0.04706216 0.04706216 0.04708459 0.04776281 0.04948033 0.05475214 0.05641273 0.04350994 0.03407585 0.0348471 0.03028514 0.02748248 0.02835 1.540623 3.029236 0.2144885 0.1629505 0.1391216 0.0987298 0.06276347 0.02567254 0.01125155 0.01110905 0.01062813 0.01052646 0.008744746 0.009919126 0.01176552 0.01160784 0.01180827 0.01404976 0.01405101 0.01371913 0.01584462 0.02442012 0.02546446 0.02229812 0.005373883 0.00352853 0.004753916 0.006947115 0.006882489 0.003953264 0.002013556 0.002013556 0.002013556 0.002013556 0.001836431 0.001606057 0.001606057 0.001606057 0.001606057 0.001606057 0.001620461 0.002096184 0.004020189 0.004235242 0.004389666 0.004504282 0.003677683
0.001739222 0.002077155 0.002357174 0.002364941 0.002364941 0.01123351 0.04492557 0.05029291 0.0506884 0.05313153 0.05405365 0.05322951 0.0525153 0.04803712 0.03819365 0.02360091 0.02401865 0.02791519 0.02786882 0.02083615 0.03969298 0.07572234 0.08960009 0.1195575 0.3774632 1.372561 0.2627945 0.150502 0.1218537 0.1176484 0.07990734 0.02918437 0.01016769 0.009998353 0.008807547 0.006419537 0.003755631 0.003737702 0.00412973 0.004025369 0.004749093 0.003859621 0.007289291 0.011698 0.01177336 0.01248929 0.01934669 0.0308679 0.03108216 0.01367962 0.007103091 0.007620881 0.006982057 0.003016259 0.002013556 0.002013556 0.002013556 0.002013556 0.00180912 0.001606057 0.001606057 0.00190295 0.002832706 0.003505613 0.004517851 0.005221545 0.005586955 0.005586955 0.005586955 0.005586955 0.004777402
0.001873388 0.002275669 0.002364941 0.00236494 0.002364941 0.007958771 0.04964147 0.05539419 0.0555606 0.05562447 0.05270246 0.03924147 0.04286606 0.02756118 0.01799598 0.01799598 0.01799598 0.01799598 0.01799598 0.01799598 0.02499041 0.05990179 0.02974993 0.02574673 0.04028526 0.07997477 0.1018467 0.06273043 0.03696832 0.01156688 0.00975465 0.00975465 0.00975465 0.00975465 0.005474503 0.003737702 0.003737702 0.003737702 0.003737702 0.003737702 0.003737702 0.004838459 0.008650387 0.01070687 0.01083792 0.01103174 0.01663755 0.02380641 0.01526176 0.01060422 0.01059519 0.01064533 0.008609876 -9999 -9999 0.002013556 0.002013556 0.007360041 0.008131264 0.00736549 0.005150101 0.005641403 0.005586955 0.005586955 0.005586955 0.005586955 0.005586955 0.005586955 0.005586955 -9999 -9999
0.001721712 0.002244229 0.002364941 0.002364941 0.002364941 0.02992241 0.05003703 0.04398949 0.04439204 0.03777101 0.02459534 0.021952 0.021952 0.0203744 0.01965287 0.01799598 0.01799598 0.01799598 0.01867783 0.02355171 0.02754596 0.02918428 0.02922859 0.02922859 0.02922859 0.03555597 0.03647521 0.0254131 0.01001727 0.007547668 0.008033725 0.006560451 0.006252584 0.005405275 0.004022223 0.003737702 0.003737702 0.003737702 0.003737702 0.003737702 0.003737702 0.003737702 0.003944785 0.009883931 0.01064533 0.01064533 2.493585 0.2638202 0.01064533 0.01064533 0.01064533 0.01064533 -9999 -9999 -9999 1.173463 0.01470314 0.005989044 0.008060711 0.008131264 0.007358993 0.005586955 0.005586955 -9999 -9999 -9999 0.005586955 -9999 -9999 -9999 -9999
0.0249051 0.005368422 0.02182683 0.02320728 0.02321868 0.03961897 0.0344463 0.02168608 0.01170112 0.01364398 0.021952 0.021952 0.021952 0.02055448 0.01974712 0.01801303 0.01799598 0.01799598 0.01964656 0.04342049 0.04346028 0.02922859 0.02922859 0.02922859 0.02922859 0.02922859 0.02922859 0.02717683 0.00900668 0.0009945279 0.0009945279 0.0009945279 0.0009945279 0.0009945279 0.002229298 0.003350697 0.003718966 0.003737702 0.003737702 -9999 -9999 -9999 -9999 -9999 -9999 -9999 0.01064533 0.01064533 0.01064533 -9999 -9999 -9999 -9999 0.005175491 0.005175491 0.005175491 0.005340332 0.007640963 0.008131263 0.008131264 0.008131264 -9999 -9999 -9999 -9999 -9999 -9999 -9999 -9999 -9999 -9999
0.1537485 0.108588 0.1338375 0.05820687 0.04427922 0.04094709 0.03429152 0.01148133 0.01114329 0.01830714 0.0219561 0.02786898 0.02329291 0.01804466 0.0153308 0.02348459 0.03764355 0.03602578 0.03893206 0.0898358 0.07472396 0.06762048 0.05423851 0.03209055 0.03006674 0.03143657 0.029564 0.02240334 0.001120018 0.0009945279 0.0009945279 0.0009945279 0.0009945279 0.0009945279 0.0009945279 0.001081665 0.001150936 -9999 -9999 -9999 -9999 -9999 -9999 -9999 -9999 -9999 -9999 -9999 -9999 -9999 -9999 -9999 0.005175491 0.005175491 0.005175491 0.00533919 0.01383535 0.01412431 0.01384771 0.008131264 -9999 -9999 -9999 -9999 -9999 -9999 -9999 -9999 -9999 -9999 -9999
0.2114032 0.135149 0.1306318 0.04869141 0.04612027 0.03359498 0.02797639 0.02670448 0.02870173 0.04114219 0.05213116 0.04824585 0.01661854 0.01581334 0.0153308 0.01685657 0.01681525 0.02483992 0.04356336 0.05841643 0.085681 0.0902957 0.0902957 0.08984075 0.08900948 0.09016491 0.08454764 0.03568244 0.0009945278 0.0009945279 0.0009945279 0.0009945278 0.0009945278 0.0009945279 0.0009945279 -9999 -9999 -9999 -9999 0.1479147 -9999 -9999 -9999 -9999 -9999 -9999 -9999 -9999 -9999 -9999 -9999 0.005175491 0.005175491 0.005883571 0.007260083 0.01511371 0.02342563 0.02342563 0.02342563 0.02342563 -9999 -9999 -9999 -9999 -9999 -9999 -9999 -9999 -9999 -9999 -9999
0.06518489 0.06131126 0.05206982 0.04930954 0.04414875 0.7015266 0.03539326 0.06558686 0.02540994 0.03311564 0.02746996 0.02402748 0.02004514 0.01963184 0.01280513 0.006827816 0.004021974 0.007289712 0.01600403 0.01601369 0.4515095 0.02867889 0.04360416 0.04044287 0.04616076 0.03676262 0.03395752 0.01148213 0.007466744 0.001472861 0.001461978 0.001381978 0.001097154 0.001467661 0.001694101 -9999 -9999 -9999 -9999 -9999 -9999 -9999 -9999 -9999 -9999 -9999 -9999 -9999 -9999 -9999 -9999 0.009047464 0.007796818 0.007663839 0.0177884 0.03110993 0.0375612 0.03233456 0.02342563 -9999 -9999 0.0395194 0.0395194 -9999 -9999 -9999 -9999 -9999 -9999 -9999 -9999
0.04261795 0.04076592 0.04665609 0.04816965 0.05086406 0.03888228 0.1016237 0.07235911 0.0149786 0.0149786 0.01498137 0.01768574 0.01998951 0.02097735 0.007885592 0.007135257 0.02554484 0.04621004 0.04464379 0.06098027 0.01952983 0.0184778 0.01630249 0.01639157 0.01643048 0.01643048 0.01452089 0.006101791 0.001732031 0.001694101 0.001694101 0.001694101 0.001694101 0.001694101 0.001694101 0.07724752 0.1462501 -9999 0.1479147 -9999 -9999 -9999 -9999 -9999 -9999 -9999 -9999 -9999 -9999 -9999 -9999 0.009906034 0.009906034 0.02144793 0.04981053 0.09714494 0.1247979 0.1258688 0.1262667 -9999 -9999 -9999 0.0395194 0.0395194 0.0395194 -9999 -9999 -9999 -9999 -9999 -9999
0.3630592 0.2513942 0.07561068 0.07007472 0.1825681 0.1929862 0.1590236 0.03963614 0.04190711 0.04377669 0.02818001 0.02348985 0.04523522 0.1347336 0.1186356 0.1042072 0.0884004 0.07627939 0.2501345 0.09637321 0.1057426 0.1091103 0.05799705 0.3042317 0.01675089 0.02409707 0.01771594 0.01104352 0.00624297 0.01043699 0.01038803 0.001694381 0.002637136 0.00320445 0.02959116 0.09930382 0.1438933 0.1468531 0.1479147 0.1479147 -9999 -9999 -9999 -9999 -9999 -9999 -9999 -9999 -9999 -9999 -9999 0.009906034 0.02184025 0.1021605 1.650725 0.1262668 0.1262668 -9999 -9999 -9999 -9999 -9999 -9999 -9999 -9999 -9999 -9999 -9999 -9999 -9999 -9999
