manual/examples/resources/data/gpw/gpw_v4_basic_demographic_characteristics_rev10_a000_014bt_2010_cntm_1_deg.asc
ncols         360
nrows         145
xllcorner     -180
yllcorner     -60
cellsize      0.99999999999994
NODATA_value  -9999
[rows 0 to 31 of 145, columns 213 to 283 of 360]
-9999 -9999 -9999 -9999 -9999 -9999 -9999 -9999 -9999 -9999 -9999 -9999 -9999 -9999 -9999 -9999 -9999 -9999 -9999 -9999 -9999 -9999 -9999 -9999 -9999 -9999 -9999 -9999 -9999 -9999 -9999 -9999 -9999 -9999 -9999 -9999 -9999 -9999 -9999 -9999 -9999 -9999 -9999 -9999 -9999 -9999 -9999 -9999 -9999 -9999 -9999 -9999 -9999 -9999 -9999 -9999 -9999 -9999 -9999 -9999 -9999 -9999 -9999 -9999 -9999 -9999 -9999 -9999 -9999 -9999 -9999
-9999 -9999 -9999 -9999 -9999 -9999 -9999 -9999 -9999 -9999 -9999 -9999 -9999 -9999 -9999 -9999 -9999 -9999 -9999 -9999 -9999 -9999 -9999 -9999 -9999 -9999 -9999 -9999 -9999 -9999 -9999 -9999 -9999 -9999 -9999 -9999 -9999 -9999 -9999 -9999 -9999 -9999 -9999 -9999 -9999 -9999 -9999 -9999 -9999 -9999 -9999 -9999 -9999 -9999 -9999 -9999 -9999 -9999 -9999 -9999 -9999 -9999 -9999 -9999 -9999 -9999 -9999 -9999 -9999 -9999 -9999
-9999 -9999 -9999 -9999 -9999 -9999 -9999 -9999 -9999 -9999 -9999 -9999 -9999 -9999 -9999 -9999 -9999 -9999 -9999 -9999 -9999 -9999 -9999 -9999 -9999 -9999 -9999 -9999 -9999 -9999 -9999 -9999 -9999 -9999 -9999 -9999 -9999 -9999 -9999 -9999 -9999 -9999 -9999 -9999 -9999 -9999 -9999 -9999 -9999 -9999 -9999 -9999 -9999 -9999 -9999 -9999 -9999 -9999 -9999 -9999 -9999 -9999 -9999 -9999 -9999 -9999 -9999 -9999 -9999 -9999 -9999
-9999 -9999 -9999 -9999 -9999 -9999 -9999 -9999 -9999 -9999 -9999 -9999 -9999 -9999 -9999 -9999 -9999 0.1775662 0.005437715 -9999 -9999 0.1213579 0.2967686 0.477676 0.630603 0.6892691 0.3104303 0.1025422 0.1633752 0.0922325 0.107557 1.575527 0.5416322 -9999 -9999 -9999 -9999 -9999 -9999 -9999 -9999 -9999 -9999 -9999 -9999 -9999 -9999 -9999 -9999 -9999 -9999 -9999 -9999 -9999 -9999 -9999 -9999 0.1612225 0.1948221 -9999 0.08012773 0.9807158 2.583598 0.8881927 -9999 -9999 -9999 -9999 -9999 -9999 -9999
-9999 -9999 -9999 0.1104136 -9999 -9999 -9999 -9999 -9999 -9999 -9999 0.02667137 0.1748037 0.2110944 1.941013 1.014109 1.810274 1.209895 0.2399579 0.5489092 0.7684938 1.005138 1.081202 1.131693 1.499682 1.06913 0.7898341 0.5808678 0.4984822 0.1393861 0.620227 0.3306565 0.07707234 -9999 -9999 -9999 -9999 -9999 -9999 -9999 -9999 -9999 -9999 -9999 -9999 0.4624585 0.9049146 -9999 -9999 -9999 -9999 -9999 -9999 -9999 -9999 -9999 -9999 5.467591e-005 1.28257 3.07113 4.972559 2.899872 3.324764 3.452079 3.020753 0.4626333 0.3034988 -9999 -9999 -9999 -9999
-9999 -9999 -9999 -9999 -9999 -9999 -9999 -9999 -9999 -9999 -9999 -9999 -9999 -9999 -9999 -9999 -9999 0.1735218 0.1110803 -9999 -9999 -9999 -9999 -9999 -9999 0.221667 0.1593547 0.02174171 -9999 -9999 -9999 -9999 -9999 -9999 -9999 -9999 -9999 -9999 -9999 -9999 -9999 -9999 -9999 1.312292 0.5520827 -9999 -9999 -9999 -9999 -9999 -9999 -9999 -9999 -9999 -9999 -9999 -9999 0.08490419 2.743266 4.581926 3.130145 6.922657 6.704751 9.481376 9.243735 2.971217 5.418645 0.4838755 2.647516 4.661998 1.695213
-9999 -9999 -9999 -9999 -9999 -9999 -9999 -9999 -9999 -9999 -9999 -9999 -9999 -9999 -9999 -9999 -9999 -9999 -9999 -9999 -9999 -9999 -9999 -9999 -9999 -9999 -9999 -9999 -9999 -9999 -9999 -9999 -9999 -9999 -9999 -9999 -9999 -9999 -9999 -9999 -9999 -9999 -9999 -9999 -9999 -9999 -9999 -9999 -9999 -9999 -9999 -9999 -9999 -9999 -9999 -9999 -9999 -9999 -9999 -9999 0.1124618 -9999 0.009800967 0.1572881 2.539305 0.7828367 1.856189 9.504966 8.410743 8.046212 9.3439
-9999 -9999 -9999 -9999 -9999 -9999 -9999 -9999 -9999 -9999 -9999 -9999 -9999 -9999 -9999 -9999 -9999 -9999 -9999 -9999 -9999 -9999 -9999 -9999 -9999 -9999 -9999 -9999 -9999 -9999 -9999 -9999 -9999 -9999 0.002760369 -9999 -9999 -9999 -9999 -9999 -9999 -9999 -9999 -9999 -9999 -9999 -9999 -9999 -9999 0.2333126 -9999 -9999 -9999 -9999 -9999 0.366982 1.074698 0.1438793 0.1029567 0.05230809 -9999 -9999 0.6863293 1.314891 -9999 -9999 0.3828324 0.2648416 2.502827 7.967779 11.78222
-9999 -9999 -9999 -9999 -9999 -9999 -9999 -9999 -9999 -9999 -9999 -9999 -9999 -9999 -9999 -9999 -9999 -9999 -9999 -9999 -9999 -9999 -9999 -9999 -9999 0.0008141615 0.1684818 1.448565 3.084399 1.66535 1.193315 1.225383 1.505277 6.16568 7.516601 9.067398 0.01816622 -9999 -9999 -9999 -9999 -9999 -9999 -9999 -9999 -9999 -9999 -9999 -9999 -9999 -9999 -9999 -9999 -9999 -9999 0.02635388 0.02402145 -9999 0.03025805 0.05146512 1.334748 3.641718 5.950181 3.859189 1.866919 3.891324 6.65079 9.104255 17.22665 19.25997 19.66632
-9999 -9999 -9999 -9999 -9999 -9999 -9999 -9999 -9999 -9999 -9999 -9999 -9999 -9999 -9999 -9999 -9999 -9999 -9999 -9999 -9999 -9999 0.4022941 2.496089 3.915576 3.528817 3.349255 4.118323 2.646215 1.075548 2.659909 1.254355 1.51944 0.2123244 -9999 -9999 -9999 -9999 -9999 -9999 -9999 -9999 -9999 -9999 -9999 -9999 -9999 -9999 1.428285 1.862525 0.2106707 -9999 -9999 0.1695051 2.154756 5.836614 10.34632 13.42029 14.75194 17.30155 20.5932 22.06838 21.60604 20.65874 21.5308 21.86567 20.78687 21.00736 22.03819 22.01201 22.02902
-9999 -9999 -9999 -9999 -9999 -9999 -9999 -9999 -9999 -9999 -9999 -9999 -9999 -9999 -9999 -9999 -9999 -9999 -9999 -9999 -9999 0.7139095 6.75253 10.54645 8.642291 10.04027 7.588121 2.105299 -9999 -9999 -9999 -9999 -9999 -9999 -9999 -9999 -9999 -9999 -9999 -9999 -9999 -9999 -9999 -9999 -9999 -9999 0.5302197 -9999 -9999 0.6798058 0.8321694 0.8698688 4.010399 11.80913 21.73707 23.65463 23.50967 23.40189 23.28473 23.47558 23.61956 23.71552 23.58414 23.51861 23.35044 22.95528 20.56334 16.12747 15.27142 20.15004 20.30431
-9999 -9999 -9999 -9999 -9999 -9999 -9999 -9999 -9999 -9999 -9999 -9999 -9999 -9999 -9999 -9999 -9999 -9999 -9999 -9999 4.765787 16.23924 19.26884 16.28358 6.875403 0.08403631 -9999 -9999 -9999 -9999 -9999 -9999 -9999 -9999 -9999 -9999 4.445726 186.2682 63.66631 -9999 -9999 31.72609 20.87817 21.35989 -9999 0.09159646 0.5740294 5.986624 15.14823 16.11754 16.4057 18.28676 18.1022 19.87369 21.3855 24.20272 24.39863 24.15769 24.30439 24.12363 24.19806 24.22877 24.43787 23.88455 23.09015 23.3081 23.01715 23.33409 21.36848 23.68728 22.718
-9999 -9999 -9999 -9999 -9999 -9999 -9999 -9999 -9999 -9999 -9999 -9999 -9999 -9999 -9999 -9999 -9999 -9999 1.121127 8.806026 22.52714 23.26859 14.37085 0.8013789 -9999 -9999 -9999 -9999 -9999 -9999 -9999 -9999 -9999 -9999 -9999 82.18336 492.3571 480.9579 484.6512 304.5124 -9999 69.35933 216.3687 18.9113 147.3063 160.5572 31.16303 5.332741 17.3294 23.48476 25.591 24.76445 25.65444 25.54077 25.14927 24.68134 25.35704 24.83986 24.62284 25.27429 25.10822 25.26891 24.34979 23.83766 23.16701 22.81008 20.01554 23.76649 24.33799 23.59392 23.32317
-9999 -9999 -9999 -9999 -9999 -9999 -9999 -9999 -9999 -9999 -9999 -9999 -9999 -9999 -9999 -9999 -9999 -9999 5.960358 15.45978 19.13698 24.30303 19.02176 2.450323 -9999 -9999 -9999 -9999 -9999 -9999 -9999 -9999 -9999 24.51872 225.3699 472.1419 595.3102 589.3259 544.2816 147.6723 295.8151 573.8039 257.7044 317.802 376.6772 472.8819 380.8423 72.52622 19.78929 13.90986 19.2212 26.77997 26.59452 26.78753 27.18687 25.56035 25.64585 25.97859 25.37585 25.41617 25.19061 24.22236 22.93746 23.70915 24.31798 24.15162 25.71494 26.9255 26.53357 26.42413 27.89597
-9999 -9999 -9999 -9999 -9999 -9999 -9999 -9999 -9999 -9999 -9999 -9999 -9999 -9999 -9999 -9999 -9999 -9999 -9999 3.346329e-005 2.075955 7.487655 9.22999 9.03966 2.865859 11.9285 21.40662 0.7795946 -9999 -9999 -9999 -9999 -9999 37.98299 431.3803 569.0533 623.0967 546.931 546.3383 346.9674 43.51282 548.893 576.7325 575.5255 566.6833 540.7355 487.3369 252.9893 26.4308 20.42075 19.93972 28.0372 26.98273 26.54136 26.0078 26.20892 27.28783 28.3332 28.59158 28.60169 28.05835 27.48769 27.53126 27.76353 28.3128 28.2188 28.66729 29.56953 29.53468 29.64109 29.26106
16513.07 279.0662 192.9472 39.44769 -9999 -9999 -9999 -9999 -9999 -9999 -9999 -9999 -9999 -9999 -9999 26.03286 35.77495 3.625516 -9999 -9999 -9999 -9999 -9999 -9999 -9999 1.710789 16.92344 39.7704 65.13477 60.02169 52.04081 60.91476 102.4313 47.57427 274.5736 528.4319 572.64 527.5833 546.6775 320.1702 147.8256 573.3203 491.9325 536.6887 615.0625 631.3502 388.0775 221.668 211.88 74.86491 26.94945 26.67643 25.47804 27.53716 12992.79 14520.88 27.23028 28.49066 29.89181 30.74925 30.68505 30.3247 26.41884 22.93422 19.82084 18.27748 17.04081 19.70734 21.13766 23.8329 24.98018
42926.25 462.7191 377.8647 179.0027 105.5934 55.83339 164.2287 -9999 -9999 -9999 7.714836 40.11432 42.02269 10.36296 -9999 16.32947 13.67146 21.74643 38.79464 42.64619 47.93583 20.21785 46.06216 49.36112 49.22478 68.74423 40.07816 60.54768 81.66296 86.49821 102.2668 898.5975 918.5137 638.2491 427.9502 259.4723 553.9459 576.056 580.2804 586.2784 131.4263 258.2996 598.8629 579.34 264.2 658.0855 667.6902 625.7079 662.1116 428.5622 33.15828 30.97538 28.60885 28.88698 859.8322 27.58334 27.8272 27.61527 29.55207 29.26393 25.05194 19.88148 15.64092 15.56871 15.5916 15.26069 15.55782 15.52881 15.36373 14.33901 15.01501
11048.93 2843.522 170.6466 163.4746 159.6128 163.4204 268.6824 194.5176 19.48162 -9999 5.7379 75.7501 37.82893 11.11887 10.91822 63.38963 83.66354 87.19321 84.09853 529.0318 3035.237 89.73009 90.43156 87.72424 85.21918 84.9258 85.89709 88.8414 216.9525 1135.297 2649.284 3498.254 2616.184 865.0161 683.4438 657.2521 638.4938 623.6707 584.6202 381.677 45.08252 449.6618 691.2977 677.321 494.1009 612.4581 655.3448 632.5652 678.6287 218.9854 56.91069 46.43322 60.02257 57.01097 40.74843 45.27398 46.67502 46.23324 24.878 15.58185 16.02196 16.12266 16.0228 16.33464 16.32641 16.36658 16.28856 15.95356 15.38936 15.09272 15.7378
368.5417 141.0119 138.6138 167.9888 196.6413 202.6293 178.1075 95.61389 41.91601 99.95244 65.46528 107.7815 107.9494 80.69128 87.01287 111.2348 135.7836 181.0597 231.5214 229.7666 491.2082 1255.325 1263.312 1242.563 1275.681 1213.51 929.9827 923.8669 953.0655 2245.54 2378.814 1473.018 732.7184 620.7354 648.2728 641.2371 580.7106 525.2793 377.4912 343.0813 637.2784 746.6948 722.7092 721.2235 669.2746 718.4119 747.4304 701.7112 649.5674 682.8619 202.2309 69.14259 68.32957 64.90507 66.18423 70.03255 47.02772 25.04344 16.97214 17.03301 16.49885 16.57488 16.82799 16.93636 17.06491 17.06267 17.05661 16.97652 16.67839 16.85916 16.85531
1092.202 1024.093 44.78532 35.4213 69.14921 -9999 102.6949 803.7874 614.6912 366.6551 319.0211 250.7809 239.6793 234.5372 219.5894 238.2389 261.3357 268.7616 269.0214 289.0577 805.4503 940.5494 1451.357 1527.573 1515.2 1595.476 1181.566 1063.452 1824.698 1642.316 789.0091 684.8925 513.5496 762.7248 769.1019 770.6987 767.1807 783.2757 771.9161 731.598 764.9355 775.0311 761.671 744.7249 687.6172 752.5748 756.8011 760.2816 682.8257 732.5121 705.3162 287.044 75.68242 75.3541 70.9081 69.95327 28.19073 17.66161 17.43112 17.61656 17.5769 17.71813 17.70749 17.76508 17.77891 17.75929 17.74199 17.68963 17.63133 17.80853 17.69186
1598.455 1495.154 432.132 224.5082 652.515 1521.907 28262 64890 1119.061 996.3755 799.6556 665.6656 382.9076 314.7567 332.4131 321.1906 374.3139 438.4129 661.8311 3378.661 2537.878 1682.583 2079.111 1413.743 1097.729 1095.81 1686.109 2999.417 2995.939 2728.038 1706.934 1708.711 1515.401 1827.189 1039.465 1367.597 1719.017 1193.071 778.7593 775.4435 747.6973 702.4335 754.7616 747.1011 756.891 695.772 732.7788 769.9075 786.6836 821.1099 832.4761 789.6904 631.8013 77.00296 74.87704 79.80621 67.39201 51.36462 38.26649 18.87302 18.27282 18.36596 18.39496 18.4246 18.3598 18.33082 18.30231 18.31074 18.37687 18.40887 18.44131
2148.711 2680.199 2384.173 1439.53 1119.417 1282.225 1422.228 1902.702 1806.117 1261.056 949.6023 820.3909 752.6498 704.1856 546.4299 523.088 543.7416 785.7465 875.6099 3539.162 7339.603 3701.242 2131.761 800.6736 513.5504 493.1106 2060.797 3163.958 3018.557 3133.136 3110.921 2860.724 2601.768 3052.171 3092.37 3060.775 3029.13 2671.117 1678.135 1470.858 1287.195 986.7896 948.6149 769.7914 699.7143 676.6419 809.1363 971.6594 877.2001 841.2044 850.2867 857.6212 424.0855 81.02776 77.22559 82.60229 82.42484 82.66931 72.74287 22.3167 19.18192 19.19433 19.05747 18.89264 18.95024 19.03455 19.10736 19.139 19.16192 19.13691 19.05143
4220.769 3359.726 1451.006 1455.575 1539.761 1610.258 1725.161 4601.915 3009.36 1187.262 1120.76 904.9147 766.8229 822.8991 782.7753 922.9304 2978.256 2160.526 960.5861 953.2462 2543.279 3128.311 722.9539 331.1011 332.9986 332.8231 1900.631 3266.039 3254.186 3276.957 3273.442 3179.606 2947.281 3005.102 3216 3221.15 2906.961 2640.679 2399.961 2216.538 2494.188 2473.062 2689.118 2637.163 2179.677 1923.304 2314.594 2992.6 2821.409 2542.663 1994.696 1088.366 173.5968 85.27523 85.58049 83.1478 84.13969 63.65432 28.55162 19.76157 19.84324 19.83062 19.85649 19.85735 19.83786 19.84367 19.85117 19.80545 19.79546 19.83597 19.86769
3167.541 42336.96 1072.635 1346.963 1749.521 1664.536 2196.91 3234.135 4392.582 3647.541 2561.365 2157.233 2226.103 13616.41 8531.662 1619.593 2992.161 43892.9 1955.07 1009.334 1048.868 994.064 985.9332 763.6005 742.2579 798.3864 1145.479 1699.611 2002.13 2842.34 3386.997 3384.597 3351.296 3347.5 2883.978 3154.638 3004.566 3122.131 2714.831 2870.403 2719.493 2950.605 3056.314 3108.447 3304.005 3327.881 2944.866 3195.314 3213.96 3196.315 3197.519 2981.365 1354.634 147.9555 143.0225 131.6305 84.17212 73.794 21.35505 46.16544 48.08281 44.59013 24.00794 20.3526 20.41074 20.43212 20.42698 20.39751 20.47728 20.50144 20.51299
6441.974 4620.821 2491.218 2260.625 1857.813 2500.482 2997.292 3090.031 2855.986 3219.396 2432.324 1901.379 4802.46 5541.877 3287.739 2241.73 1724.697 1232.884 1129.004 2978.925 3269.899 3316.621 1602.234 1338.406 1385.002 1415.925 6440.944 4303.72 1985.578 787.7761 2888.785 3314.506 3023.292 3240.494 3244.844 3109.106 2853.72 3453.919 3408.026 3414.874 3403.147 3457.362 3437.906 3036.829 7534.076 917.4184 1169.291 1097.938 1411.692 1113.675 375.6317 455.7694 248.9276 250.342 250.0726 249.4202 230.2379 209.5156 193.3865 222.9205 230.7098 229.555 65.55238 21.15231 21.05102 21.11393 64.05258 21.35972 21.08566 21.08844 21.17019
6161.28 6330.535 4218.607 3569.692 47732.08 11708.31 52821.61 9636.493 4669.16 2801.772 1886.646 2217.994 2737.744 2712.327 2174.925 2821.466 3974.746 1869.331 2426.969 3648.003 3194.05 3651.22 3513.054 43724.79 6319.91 6627.945 4880.838 18952.6 7557.542 529.3876 633.5925 2366.211 3134.278 3215.069 2787.223 1950.829 707.093 841.2491 1318.633 2733.049 3575.777 3588.551 3252.918 1391.421 271.4147 271.2314 255.1257 236.9571 250.5464 297.7415 699.0922 422.1046 379.5886 381.3502 331.708 282.5724 257.8881 253.8175 245.3933 238.5741 237.2534 416.1958 566.8647 509.0992 607.5453 709.1146 837.5541 566.6688 477.9705 288.3244 73.13806
9931.963 8457.417 5365.008 5002.145 5035.887 3722.553 8491.408 7227.935 9503.856 5659.601 3128.593 5127.688 7901.359 3334.361 3354.697 9436.53 82268.36 19407.16 6241.668 24172.43 7738.5 10648.72 21942.61 34385.73 21664.55 11010.57 28481.26 13151.06 5575.979 3379.486 2193.66 1434.788 4497.545 2601.935 1734.508 20333.45 957.1808 1146.678 700.909 516.3484 1137.359 2019.877 1082.818 259.3357 274.0751 289.022 300.1042 400.5962 1240.91 2026.793 2378.515 527.7694 433.8839 709.227 618.4917 302.2828 265.8051 266.2693 264.3206 13368.81 1140.204 881.7327 902.9638 918.929 919.8814 867.3304 738.0624 664.9875 641.1965 8675.57 574.5888
8748.343 20354.62 12521.69 7769.011 13047.59 38335.35 99288.17 73950.38 43074.41 21926.03 5046.164 6175.095 8173.913 9760.739 7071.11 9334.351 9137.754 5160.212 5929.501 12100.34 24294.84 16508.25 81809.4 98465.63 16428.86 19390.36 57044.14 38137.09 35117.64 14190.41 11448.72 7046.457 123915.6 6875.388 3574.431 2011.075 1927.412 1934.506 1621.431 1375.646 2478.547 3023.896 2121.345 487.9747 431.1021 438.3549 772.256 654.7505 1157.566 1463.558 2386.774 3572.866 5123.988 1438.299 975.5626 645.4628 846.072 846.7795 1021.137 1873.544 2199.862 1400.956 1500.992 1672.81 1842.594 2785.333 1587.56 1193.508 610.0272 8290.335 2230.276
4590.265 14650.36 62183.96 45246.27 108134.6 74900.11 26552.16 84336.09 63448.25 21990.77 211001.7 62223.15 9739.794 14597.1 144099.5 32111.81 22304.45 21333.36 18953.55 30442.56 143990.3 50664.9 16503.89 14806.7 15460.6 11021.17 26176.36 251310.3 51360.48 22310.83 21257.86 7277.192 13526.26 19350.21 7584.726 7080.314 18097.37 4957.881 2870.343 2437.075 3062.14 4727.697 3254.711 1796.332 1766.247 953.195 989.2061 827.8752 917.9745 1263.067 4700.499 58255.45 67861.62 15116.52 7244.333 6319.357 6019.212 28654.5 3746.372 81571.79 50651.21 16594.7 20740.68 4647.02 4377.897 2970.819 1715.491 1999.742 45456.45 2039.705 2930.888
12271.97 13131.51 18917.13 96947.31 1726680 232117.9 49029.83 23038.55 20101.5 39705.12 36988.71 20375.91 15640.76 29279.51 48519.93 75668.27 168670 25250.24 67809.7 111634.1 20432.95 26454.65 26168.52 14979.43 14577.81 16494.52 33504.37 46019.12 202805.3 9952.227 8383.878 10706.15 61632.35 5812.973 5017.671 9871.366 21924.15 5390.346 7183.731 8884.909 73998.1 8360.984 6065.532 4639.583 6034.873 7018.951 3012.33 2258.564 4020.275 92372.68 34115.19 23332.8 35813.85 80630.34 4289.244 5483.564 13773.79 8102.273 3259.348 60345.2 9333.975 8415.82 3003.428 3963.251 3568.346 2534.709 1753.023 2212.705 2176.207 2205.027 1341.909
15614.62 11811.6 18241.62 67557.7 122848.2 55238.39 89759.55 12762.99 17106.71 12929.54 27052.32 19644.94 63556.11 20633.08 18526.9 104463.5 28883.43 20515.56 22298.93 46840.64 57854.03 34995.43 81258.13 153972.2 16440.82 21581.91 32199.36 24092.41 50431.06 7513.034 5750.554 7555.601 5283.102 4568.929 5699.139 17892.94 17771.41 6258.113 10069.72 11721.52 129711.2 11893.16 6015.203 3996.912 4871.281 5061.963 4332.836 4691.505 6602.003 63574.1 100260.8 8055.83 21839.46 58384.05 5509.246 6790.88 5738.82 5161.135 4570.71 2521.247 2406.91 2219.378 1884.468 1802.714 2160.044 1909.635 1910.044 10482.04 3828.454 9201.219 963.5153
19722.25 93689.1 13661.23 26395.53 26432.61 39067.61 21974.5 16640 16349.25 12774.05 16979.01 46042.2 67250.06 26695.65 13961.99 40604.34 153858.9 167179.3 22139.11 22343.46 13150.73 15771.4 85385.73 33679.8 9533.962 38130.28 49092.58 11534.62 7232.666 11799.94 47076.09 12392.91 4893.63 4532.184 6124.387 10506.45 24719.14 11256.95 3292.947 2386.716 3209.506 4875.858 3493.796 4146.81 5719.572 9177.68 7217.169 5758.297 13111.05 10021.44 129141.6 16457.67 6866.293 52121.89 107640.2 12909.72 6685.807 6711.554 69443.23 3621.451 1940.063 1887.522 1430.959 1017.633 1098.504 1592.824 1871.645 2711.811 3741.533 11808.39 17171.5
