manual/examples/resources/data/gpw/gpw_v4_basic_demographic_characteristics_rev10_a000_014ft_2010_cntm_1_deg.asc
ncols         360
nrows         145
xllcorner     -180
yllcorner     -60
cellsize      0.99999999999994
NODATA_value  -9999
[rows 64 to 95 of 145, columns 142 to 212 of 360]
-9999 -9999 -9999 -9999 -9999 -9999 -9999 -9999 -9999 -9999 -9999 -9999 -9999 -9999 -9999 -9999 -9999 -9999 -9999 -9999 18574.24 140.353 753.6368 1069.241 6458.607 1658.869 173.9808 171.49 178.8556 186.219 199.6618 221.6894 309.7422 207.2648 188.2515 188.2595 191.4299 302.9346 379.2502 695.5508 545.1194 266.5318 315.928 465.31 1011.75 3508.979 550.1091 549.9163 545.5237 169.8842 169.8842 169.8842 169.8842 219.6669 394.9557 292.8923 252.2187 252.4431 403.9909 709.2438 390.4697 214.0974 213.7427 1251.543 1249.804 1248.331 1246.957 1245.628 1232.237 1242.264 4219.238
-9999 -9999 -9999 -9999 -9999 -9999 -9999 -9999 -9999 -9999 -9999 -9999 -9999 -9999 -9999 -9999 -9999 -9999 -9999 -9999 -9999 257.1701 502.2436 922.251 1830.242 679.4622 1720.864 156.2074 140.6106 148.188 220.7418 221.3963 309.0891 304.6795 189.4512 395.8692 672.575 219.0509 954.1878 1736.161 898.2662 327.8567 608.7206 1195.511 3928.807 4175.417 647.7085 553.4208 549.7343 170.9669 170.9669 170.9669 170.9669 240.1615 377.9549 257.8916 253.826 543.895 843.1047 843.5988 843.5988 695.976 1994.659 1994.732 1994.732 4126.997 6247.817 6216.334 23229.45 7217.682 7635.978
-9999 -9999 -9999 -9999 -9999 -9999 -9999 -9999 -9999 -9999 -9999 -9999 -9999 -9999 -9999 -9999 -9999 -9999 -9999 -9999 -9999 36611.83 128744.6 2872.389 3544.521 5231.38 4192.498 491.4123 107.3144 165.7901 222.7309 222.7309 297.9023 761.142 369.6092 463.2357 1436.442 3619.789 2145.413 4506.385 1374.185 290.8945 1628.919 2117.477 4174.711 3821.25 950.3469 614.7734 1093.73 171.9975 171.9975 171.9975 171.9975 266.4237 616.9429 683.2496 683.1714 1183.33 868.9666 848.6839 848.6839 848.6839 2006.615 2006.756 2006.756 3270.915 4536.619 4516.479 4820.839 14661.87 20846.09
-9999 -9999 -9999 -9999 -9999 -9999 -9999 -9999 -9999 -9999 -9999 -9999 5238.36 935.4066 -9999 -9999 -9999 -9999 -9999 -9999 -9999 2393.108 20251.41 8451.492 13914.48 15176.76 7566.837 3570.409 1594.092 986.2447 225.2889 223.9976 313.9854 413.9438 1434.199 1655.969 8082.469 6441.209 4266.633 3080.314 497.7162 643.5616 1691.02 2088.38 2464.469 10036.04 18947.96 12651.73 8926.654 465.4059 880.2542 1077.065 1084.22 872.3073 779.3347 779.411 1492.686 2858.674 1865.261 853.5105 881.9003 912.9783 2018.033 2018.169 2018.169 2617.012 3205.249 4593.542 7958.266 10809.97 25433.21
-9999 -9999 -9999 -9999 -9999 -9999 -9999 -9999 -9999 -9999 -9999 -9999 3143.573 9120.771 -9999 4688.648 -9999 -9999 -9999 -9999 -9999 42492.68 70749 57882.61 53685.27 37423.3 28016.63 18398.16 14952.45 12140.29 18994.53 3146.621 3948.868 7131.202 63925.04 17978.12 9308.462 42792.3 13075.74 3639 1442.431 958.8015 3802.347 11405.82 11249.86 3305.719 4930.442 2500.076 1566.753 1499.872 1103.491 1103.491 1316.75 3189.146 1985.624 833.3728 2244.323 2998.223 1877.413 858.0771 7960.4 10243.4 3381.507 2028.967 2147.758 5623.222 6181.1 8268.587 9030.084 85816.34 231034.5
-9999 -9999 -9999 -9999 -9999 -9999 -9999 -9999 -9999 -9999 -9999 -9999 -9999 641.3245 42348.96 47.97608 -9999 -9999 -9999 -9999 748.6608 178180.9 71240.28 32878.04 71146.88 63088.07 34630.13 45449.99 59672.64 30815.63 27970.07 19056.36 16015.17 37690.09 52444.11 15734.88 11745.27 8184.971 25747.53 17769.68 13300.06 19828.22 36042.72 57700.38 33342.97 14655.21 30192.17 30242.38 1508.206 1506.783 1109.027 1161.598 3633.31 4428.948 4480.908 4389.022 6357.186 11028.28 15974.5 22922.58 23156.31 10695.27 4170.691 2039.147 2044.7 8157.627 8369.713 9366.433 11293.44 14528.18 719081.1
-9999 -9999 -9999 -9999 -9999 -9999 -9999 -9999 -9999 -9999 -9999 -9999 -9999 6605.319 4744.564 -9999 -9999 -9999 -9999 -9999 657037.6 510227.7 260324.4 41340.99 32018.49 45748.3 89121.84 53183.03 55114.91 21085.69 25904.69 34466.01 74613.33 107522.3 134572.8 61247.65 51957.47 77607.85 81741.17 99633.14 61157.66 63263.89 115737 249786.4 207771.9 162102.4 100271.1 99119.73 23649.49 10719.18 15298.26 18075.13 13779.41 25325.48 6270.433 6494.445 12426.57 18573.16 33574.18 46764.02 42663.25 24478.21 12467.2 31544.96 16980.69 10206.38 8645.399 17876.91 27736.46 54711.2 248692.6
-9999 -9999 -9999 -9999 -9999 -9999 -9999 -9999 -9999 -9999 -9999 -9999 -9999 -9999 -9999 -9999 -9999 -9999 -9999 -9999 -9999 338198.3 197063.9 118596.7 61711.03 29307.28 26889.95 30118.33 45962.68 43227.97 92870.45 151787.1 141489.4 134681.6 107506.6 206563.3 205112.6 154143.1 98645.04 112683.6 348545.4 162864.6 165281.8 507982.9 305471.3 468150.3 475522.7 223939.3 68837.07 54750.43 69068.09 85035.23 49669.49 96206.48 35847.07 22657.07 13844.44 21101.04 46294.14 84489.13 108727.1 96282.53 118340.3 77422.61 22053.7 30925.34 40368.11 69068.18 95476.02 79435.7 216249.1
-9999 -9999 -9999 -9999 -9999 -9999 -9999 -9999 -9999 -9999 -9999 -9999 -9999 -9999 -9999 -9999 -9999 -9999 -9999 -9999 -9999 95662.48 137155.6 116905.9 62498.44 39769.37 30729.04 25373.29 35670.72 244050.2 419982.7 118795.6 191686.4 132536.3 125868.8 254475.2 592689.3 251150.8 95502.13 58567.18 97629.01 197963.8 392986.1 321178.9 413556.7 698483.4 1210345 457412.3 372595.2 112957.2 104563.4 139091.3 231371.2 211725.4 42809.51 37441.51 42430.89 29899.65 22807.44 56350.93 74995.18 54043.8 115768.4 94333.33 30627.67 46380.43 44507.05 49801.35 84969.34 62163.46 71254.2
-9999 -9999 -9999 -9999 -9999 -9999 -9999 -9999 -9999 -9999 -9999 -9999 -9999 -9999 -9999 -9999 -9999 -9999 -9999 -9999 -9999 6979.314 122411.9 41500.04 56717.51 215530.5 62423.06 38928.65 93538.8 97730.86 83833.61 104398.3 153927.9 249935.1 135997.7 121154.6 124786.8 254655.7 123192.1 77212.95 92520.79 147947 261152.9 246158.9 211165.5 810973.6 1335178 559824 450009.4 223512.4 97824.79 329026.4 198122 67880.36 25877.82 27710.91 34226.41 18889.08 20763.32 22604.19 39281.82 64452.34 149686.3 105799.2 68510.85 39393.9 30042.7 30221.93 33428.3 27162.99 24643.81
-9999 -9999 -9999 -9999 -9999 -9999 -9999 -9999 -9999 -9999 -9999 -9999 -9999 -9999 -9999 -9999 -9999 -9999 -9999 -9999 -9999 -9999 925.8744 88254.26 106716.9 134244.8 67137.4 49846.29 99157.43 41939.39 38592.87 85070.62 123128.4 113311.4 100040.4 115661.2 89293.21 226672.9 228861.7 126732 92741.74 89203.52 104874.3 140669.4 145848.7 485113.4 329048.6 223454.7 225396.3 375797.2 186447.6 460047 367418.8 138985.2 48645.83 31739.07 16649.7 17208.75 19227.66 5276.718 4986.972 44122.87 73952.47 34218.57 50145.27 29398.24 19619.59 15961.55 16823.46 19363.23 19245.1
-9999 -9999 -9999 -9999 -9999 -9999 -9999 -9999 -9999 -9999 -9999 -9999 -9999 -9999 -9999 -9999 -9999 -9999 -9999 -9999 -9999 -9999 -9999 21.81487 451917.5 131848.5 68466.76 75951.59 53305.5 32703.47 34827.39 59674.92 152010.6 33952.88 36132.12 69448.48 42708.23 178985.5 127379.8 181074.7 127657.6 81037.58 75254.55 201567.2 271256.6 425673.6 578211 350776.9 131097.1 300218.8 300282.9 248949.9 160722.2 214545 112478.8 81564.58 42746.52 25918.06 5105.905 3242.99 2916.073 16050.93 26683.32 2420.47 52340.49 86576.05 59075.76 50879.9 28704.62 58077.3 18137.4
-9999 -9999 -9999 -9999 -9999 -9999 -9999 -9999 -9999 -9999 -9999 -9999 -9999 -9999 -9999 -9999 -9999 -9999 -9999 -9999 -9999 -9999 -9999 -9999 251608.4 188365.3 140736.8 202368.8 82451.25 72047.87 40184.76 53298.87 68230.05 42560.7 38589.7 68799.29 45097.66 79021.23 117110.6 116807.6 110735.3 225503.4 474708.5 241358.4 184713.8 288521.5 273112.1 194840.7 109763.3 158747.7 108879.5 84543.89 45377.77 132100 163989.3 131503.7 52508.14 3297.212 2359.916 2486.949 1283.43 6275.532 6562.025 2427.17 21307.38 62537.27 87759.26 55481.09 41243.09 31228.43 39901.74
-9999 -9999 -9999 -9999 -9999 -9999 -9999 -9999 -9999 -9999 -9999 -9999 -9999 -9999 -9999 -9999 -9999 -9999 -9999 -9999 -9999 -9999 -9999 -9999 126.7895 49566.96 225214.4 53284.12 75178.06 201452.4 174344.8 147817.1 175873.6 154797 105365.6 229804.9 182304.8 58524.82 170029.3 246089.9 279148.4 762066.3 970325.9 831863.6 465194.8 384853.2 399611.3 306538.7 101191.8 47410.09 26811.05 49580.32 43195.65 56549.27 57495.38 26000 17630.95 8840.883 1538.541 6372.905 3543.799 648.4035 247.0268 1531.066 6662.447 21604.95 37901.52 58093.46 35600.61 32410.18 33467.57
-9999 -9999 -9999 -9999 -9999 -9999 -9999 -9999 -9999 -9999 -9999 -9999 -9999 -9999 -9999 -9999 -9999 -9999 -9999 -9999 -9999 -9999 -9999 -9999 -9999 -9999 14516.65 325881.7 67843.58 90892.52 154952.2 252397.2 273139.6 139872.8 166151.1 205899 737692.6 296601.5 282682.4 724922.7 807324.4 2028844 297061.8 383605.6 785204.1 961835.9 521089.8 237871.4 262896.5 107705.6 37856.68 45077.02 38323.84 41732.28 26653.77 35014.31 14897.65 21458.06 3900.396 10751.57 4734.284 768.9397 877.8029 158.6634 7907.836 8609.484 20465.9 40051.56 50194.37 37197.13 26293.15
-9999 -9999 -9999 -9999 -9999 -9999 -9999 -9999 -9999 -9999 -9999 -9999 -9999 -9999 -9999 -9999 -9999 -9999 -9999 -9999 -9999 -9999 -9999 -9999 -9999 -9999 -9999 8906.496 28927.8 27139.7 47683.14 211885.3 153548.1 726231.1 470140.8 150871.9 347931.3 901901.4 89759.9 878.8951 -9999 -9999 3977.85 453032.6 827774.9 1659437 238058.4 127664.9 448797.4 46968.24 14757.63 33626.77 26479.79 23350.92 19690.62 14416.4 8106.466 22563.31 37101.8 19711.07 3724.17 3363.98 2610.585 7942.406 6099.63 12683.96 25354.89 17427.03 24530.21 39156.01 24300.92
-9999 -9999 -9999 -9999 -9999 -9999 -9999 -9999 -9999 -9999 -9999 -9999 -9999 -9999 -9999 -9999 -9999 -9999 -9999 -9999 -9999 -9999 -9999 -9999 -9999 -9999 -9999 -9999 198.7795 11384.85 63904.9 68457.62 83.52794 -9999 -9999 18200.9 96402.54 -9999 -9999 -9999 -9999 -9999 -9999 85802.91 463403.9 899972.8 277591.8 446192 47012.89 86705.63 28438.18 27185.59 33662.79 45461.88 24099.88 20919.04 222739.7 60917.11 57541.31 46963.39 33894.74 13455.64 13436.62 7863.52 6553.09 13495.55 24110.2 26357.98 60180.64 55768.78 54414.81
-9999 -9999 -9999 -9999 -9999 -9999 -9999 -9999 -9999 -9999 -9999 -9999 -9999 -9999 -9999 -9999 -9999 -9999 -9999 -9999 -9999 -9999 -9999 -9999 -9999 -9999 -9999 -9999 -9999 -9999 -9999 -9999 -9999 -9999 -9999 -9999 -9999 -9999 -9999 -9999 -9999 -9999 -9999 -9999 -9999 -9999 56572.98 208315.5 47193.33 541876.6 28927.25 17219.88 19108.95 19108.36 17294.74 22118.89 49806.83 155907.6 84831.41 55933.3 39752.73 18089.73 18749.44 21471.16 26777.55 30927.22 19202.38 50262.73 277397.3 307571.8 112844.1
-9999 -9999 -9999 -9999 -9999 -9999 -9999 -9999 -9999 -9999 -9999 -9999 -9999 -9999 -9999 -9999 -9999 -9999 -9999 -9999 -9999 -9999 -9999 -9999 -9999 -9999 -9999 -9999 -9999 -9999 -9999 -9999 -9999 -9999 -9999 -9999 -9999 -9999 -9999 -9999 -9999 -9999 -9999 -9999 -9999 -9999 -9999 10744.42 49992.98 47117.61 20747.68 17256.41 12523.33 11815.91 8050.708 10439.67 79300.74 95377.17 88065.78 87766.66 83502.53 34247.76 25961.66 31426.65 30684.58 63266.64 49834.3 64949.06 460738.6 199051.7 368793.1
-9999 -9999 -9999 -9999 -9999 -9999 -9999 -9999 -9999 -9999 -9999 -9999 -9999 -9999 -9999 -9999 -9999 -9999 -9999 -9999 -9999 -9999 -9999 -9999 -9999 -9999 -9999 -9999 -9999 -9999 -9999 -9999 -9999 -9999 -9999 -9999 -9999 -9999 -9999 -9999 -9999 -9999 -9999 -9999 -9999 1517.354 -9999 41664.06 54988.17 44888.94 8476.907 3948.351 4607.864 4415.31 5750.114 10614.59 27533.89 43973.43 49953.74 61317.21 29215.79 26251.74 31503.96 24506.52 14256.11 31814.71 25122.57 107932.1 288669.3 226798.2 183932.1
-9999 -9999 -9999 -9999 -9999 -9999 -9999 -9999 -9999 -9999 -9999 -9999 -9999 -9999 -9999 -9999 -9999 -9999 -9999 -9999 -9999 -9999 -9999 -9999 -9999 -9999 -9999 -9999 -9999 -9999 -9999 -9999 -9999 -9999 -9999 -9999 -9999 -9999 -9999 -9999 -9999 -9999 -9999 -9999 33374.35 -9999 -9999 138846.6 4900.836 5505.112 4240.397 4542.918 8045.391 6397.151 5541.4 11427.87 41289.45 40061.9 32667.89 33356.14 31911.07 39006.14 76265.34 155251.8 12125.35 14570.16 135411.5 570025.8 462975 315921.6 1164561
-9999 -9999 -9999 -9999 -9999 -9999 -9999 -9999 -9999 -9999 -9999 -9999 -9999 -9999 -9999 -9999 -9999 -9999 -9999 -9999 -9999 -9999 -9999 -9999 -9999 -9999 -9999 -9999 -9999 -9999 -9999 -9999 -9999 -9999 -9999 -9999 -9999 -9999 -9999 -9999 -9999 -9999 -9999 -9999 10.5723 -9999 2262.246 36602.28 9192.676 4278.729 6028.473 6052.682 9016.438 9288.154 9249.174 18819.88 98440.27 33635.32 34280.34 35391.9 27787.68 30115.16 23760.14 16902.85 24130.79 22341.15 97930.45 307912.1 546715.4 396126.1 19667.36
-9999 -9999 -9999 -9999 -9999 -9999 -9999 -9999 -9999 -9999 -9999 -9999 -9999 -9999 -9999 -9999 -9999 -9999 -9999 -9999 -9999 -9999 -9999 -9999 -9999 -9999 -9999 -9999 -9999 -9999 -9999 -9999 -9999 -9999 -9999 -9999 -9999 -9999 -9999 -9999 -9999 -9999 -9999 1013.635 -9999 -9999 193.618 9733.04 5765.918 7798.623 11102.87 50901.11 8934.562 10429.8 20293.84 44322.28 38369.64 26775.2 7602.326 11630.65 22998.16 22421.1 20010.54 17604.47 26594.95 36300.77 252119.3 1043892 690703.5 272746.1 15410.92
-9999 -9999 -9999 -9999 -9999 -9999 -9999 -9999 -9999 -9999 -9999 -9999 -9999 -9999 -9999 -9999 -9999 -9999 -9999 -9999 -9999 -9999 -9999 -9999 -9999 -9999 -9999 -9999 -9999 -9999 -9999 -9999 -9999 -9999 -9999 -9999 -9999 -9999 -9999 -9999 -9999 -9999 -9999 -9999 -9999 -9999 -9999 884.6584 6622.961 12732.04 16807.87 16917.49 12204.58 10493.28 56597.02 27564.24 30658.22 25411.23 17298.73 11005.12 1020.675 244.7996 1939.043 52063.86 34294.95 35535.95 575661.6 998881.2 692415.1 178655.2 410492.2
-9999 -9999 -9999 -9999 -9999 274 -9999 -9999 -9999 -9999 -9999 -9999 -9999 -9999 -9999 -9999 -9999 -9999 -9999 -9999 -9999 -9999 -9999 -9999 -9999 -9999 -9999 -9999 -9999 -9999 -9999 -9999 -9999 -9999 -9999 -9999 -9999 -9999 -9999 -9999 -9999 -9999 -9999 -9999 -9999 -9999 -9999 -9999 829.2842 8534.335 23900.52 22179.53 16917.9 9655.295 20479.58 65764.47 30904.79 27378.85 17192.85 15229.81 1232.293 -9999 2795.919 32839.31 67648.73 47602.87 150034.2 866189.1 426727.1 126321.5 296039.2
29944.71 371.3099 -9999 -9999 -9999 -9999 -9999 -9999 -9999 -9999 -9999 -9999 -9999 -9999 -9999 -9999 -9999 -9999 -9999 -9999 -9999 -9999 -9999 -9999 -9999 -9999 -9999 -9999 -9999 -9999 -9999 -9999 -9999 -9999 -9999 -9999 -9999 -9999 -9999 -9999 -9999 -9999 -9999 -9999 -9999 -9999 -9999 -9999 -9999 119771 39488.03 81632.21 44759.16 1677944 61607.5 70076.52 154387.6 133284.3 69411.44 83257.48 71633.4 17092.83 2615.927 27288.25 86285.41 54958.44 85268.09 298110.8 182670.5 35558.71 163160.4
52185.51 31718.66 173771.5 -9999 -9999 -9999 -9999 -9999 -9999 -9999 -9999 -9999 -9999 -9999 -9999 -9999 -9999 -9999 -9999 -9999 -9999 -9999 -9999 -9999 -9999 -9999 -9999 -9999 -9999 -9999 -9999 -9999 -9999 -9999 -9999 -9999 -9999 -9999 -9999 -9999 -9999 -9999 -9999 -9999 -9999 -9999 -9999 -9999 -9999 1.523797 176343.7 219451.8 122436 108363.5 68475.66 83810.9 199781.2 117683.7 103494.5 127550.3 336131.6 90961.48 59902.64 58697.11 82136.07 56452.74 45602.37 37249.68 43242.22 46891.3 96441.71
44023.02 45710.33 123005.4 7368.876 -9999 -9999 -9999 -9999 -9999 -9999 -9999 -9999 -9999 -9999 -9999 -9999 -9999 -9999 -9999 -9999 -9999 -9999 -9999 -9999 -9999 -9999 -9999 -9999 -9999 -9999 -9999 -9999 -9999 -9999 -9999 -9999 -9999 -9999 -9999 -9999 -9999 -9999 -9999 -9999 -9999 -9999 -9999 -9999 -9999 -9999 38053.9 17599.06 50479.64 57220.85 60318.79 53863.7 45192.06 85542.23 179204.1 166842.1 190987.7 922665.6 164423.9 92325.02 44021.82 38766.43 50907.34 28482.74 39740.59 49858.43 7715.953
65498.1 44694.77 240028.4 226144.5 -9999 -9999 -9999 -9999 -9999 -9999 -9999 -9999 -9999 -9999 -9999 -9999 -9999 -9999 -9999 -9999 -9999 -9999 -9999 47.973 -9999 -9999 -9999 -9999 -9999 -9999 -9999 -9999 -9999 -9999 -9999 -9999 -9999 -9999 -9999 -9999 -9999 -9999 -9999 -9999 -9999 -9999 -9999 -9999 -9999 -9999 714.4603 14388.6 68354.59 219048.8 29703.26 49896.77 50847.19 32126.84 55232.87 76372.55 112487.5 176024.5 54590.97 85632.32 142875.1 103173.4 55902.59 53502.86 38518.92 106364.5 4546.948
46245.14 122524.6 243035.7 245172.2 -9999 -9999 -9999 -9999 -9999 -9999 -9999 -9999 -9999 -9999 -9999 -9999 -9999 -9999 -9999 -9999 -9999 -9999 -9999 -9999 -9999 -9999 -9999 -9999 -9999 -9999 -9999 -9999 -9999 -9999 -9999 -9999 -9999 -9999 -9999 -9999 -9999 -9999 -9999 -9999 -9999 -9999 -9999 -9999 -9999 -9999 -9999 653473.3 49517.62 47627.55 18386.63 24738.42 23894.04 5831.091 19940.9 37998.84 27135.36 31908.21 40732.05 56282.34 108087.4 71044.98 57931.81 58811.36 27219.41 115668.7 106520.6
83463.44 171731.3 182999.2 -9999 -9999 -9999 -9999 -9999 -9999 -9999 -9999 -9999 -9999 -9999 -9999 -9999 -9999 -9999 -9999 -9999 -9999 -9999 -9999 -9999 -9999 -9999 -9999 -9999 -9999 -9999 -9999 -9999 -9999 -9999 -9999 -9999 -9999 -9999 -9999 -9999 -9999 -9999 -9999 -9999 -9999 -9999 -9999 -9999 -9999 -9999 648.6199 200429.1 73933.38 43509.74 136315.2 13302.45 13703.85 11189.56 39676.77 15394.81 30971.63 31267.97 37888.37 57814.46 56209.7 41392.9 68130.51 40467.91 33783.59 57444.7 116567.4
184589.9 55021.72 -9999 -9999 -9999 -9999 -9999 -9999 -9999 -9999 -9999 -9999 -9999 -9999 -9999 -9999 -9999 -9999 -9999 -9999 -9999 -9999 -9999 -9999 -9999 -9999 -9999 -9999 -9999 -9999 -9999 -9999 -9999 -9999 -9999 -9999 -9999 -9999 -9999 -9999 -9999 -9999 -9999 -9999 -9999 -9999 -9999 -9999 -9999 -9999 -9999 18174.71 116803.6 33987.07 28406.33 17850.31 8431.522 15612.99 18248.42 8270.141 39422.24 45687.79 38125.34 40543.06 111453.9 48531.74 58596.95 39658.43 44924.56 37494.69 29641.6
