manual/examples/resources/data/gpw/gpw_v4_basic_demographic_characteristics_rev10_a000_014mt_2010_dens_1_deg.asc
ncols         360
nrows         145
xllcorner     -180
yllcorner     -60
cellsize      0.99999999999994
NODATA_value  -9999
[rows 32 to 63 of 145, columns 142 to 212 of 360]
-9999 -9999 -9999 -9999 -9999 -9999 -9999 -9999 -9999 -9999 -9999 -9999 -9999 -9999 -9999 -9999 -9999 -9999 -9999 -9999 -9999 -9999 -9999 -9999 -9999 -9999 -9999 1.655476 3.6324 5.668505 5.214162 6.884524 3.891088 4.146446 2.272715 26.83947 62.72417 23.9907 12.25774 18.39696 -9999 -9999 104.2281 47.47823 23.35267 13.55296 17.56863 17.2535 12.27225 5.505708 4.072388 38.45219 3.940669 5.282658 12.33563 9.054547 8.542139 7.875863 17.26056 18.64381 5.023326 6.076892 2.368029 2.212716 3.304803 2.619832 1.319269 2.783908 5.328198 3.966553 2.169385
-9999 -9999 -9999 -9999 -9999 -9999 -9999 -9999 -9999 -9999 -9999 -9999 -9999 -9999 -9999 -9999 -9999 -9999 -9999 -9999 -9999 -9999 -9999 -9999 -9999 -9999 -9999 1.283181 1.775723 16.02668 7.185408 -9999 5.42902 11.78129 28.3124 26.87928 18.48233 129.652 65.45313 41.71922 37.63617 28.39034 57.60625 39.46064 51.19892 50.78 16.11596 11.09272 7.296813 8.006851 11.87117 9.593517 6.447941 7.384694 11.52423 10.65795 7.343308 14.62997 6.926345 9.461053 10.26926 3.408433 3.660318 3.420937 3.59056 1.824737 1.546304 1.140711 1.245151 4.497001 1.515723
-9999 -9999 -9999 -9999 -9999 -9999 -9999 -9999 -9999 -9999 -9999 -9999 -9999 -9999 -9999 -9999 -9999 -9999 -9999 -9999 -9999 -9999 -9999 -9999 -9999 -9999 -9999 -9999 -9999 -9999 -9999 -9999 18.90956 11.6769 13.06906 12.13025 60.87805 46.39946 29.7553 15.3487 21.03794 41.49138 44.19999 22.35126 20.91407 24.97954 32.12963 8.913598 8.199247 8.352686 12.69287 9.240727 20.57362 10.51426 9.182945 7.246719 22.22262 22.34131 11.55798 10.83635 8.736547 5.529712 6.160953 7.654349 8.334332 3.731587 6.069479 3.072217 34.98376 3.089126 2.364587
-9999 -9999 -9999 -9999 -9999 -9999 -9999 -9999 -9999 -9999 -9999 -9999 -9999 -9999 -9999 -9999 -9999 -9999 -9999 -9999 -9999 -9999 -9999 -9999 -9999 -9999 -9999 -9999 -9999 -9999 -9999 10.02033 6.059194 -9999 -9999 58.20608 8.884951 16.74243 13.87191 14.81148 21.91682 8.22186 6.737602 7.172871 19.73549 12.45039 34.17438 14.21358 11.01962 13.47689 6.39161 5.940966 7.106946 5.932574 10.63132 10.53548 19.58532 13.81851 14.30985 9.802371 5.689224 11.805 10.90751 7.138678 5.048562 4.396245 8.357609 2.795145 5.191369 3.990197 5.364032
-9999 -9999 -9999 -9999 -9999 -9999 -9999 -9999 -9999 -9999 -9999 -9999 -9999 -9999 -9999 -9999 -9999 -9999 -9999 -9999 -9999 -9999 -9999 -9999 -9999 -9999 -9999 -9999 -9999 -9999 -9999 -9999 2.113156 16.0601 5.128859 8.678301 13.14454 5.500193 5.449558 12.94687 125.7557 5.440844 4.713701 3.259092 9.201466 20.04106 19.21468 30.82806 14.67544 27.3063 9.842119 7.738765 10.15654 4.805329 23.1344 12.14754 7.629888 5.468235 8.457122 10.45729 9.941892 7.479617 8.886413 9.610217 7.288651 5.458395 4.442695 3.657578 3.72335 2.241841 4.019634
-9999 -9999 -9999 -9999 -9999 -9999 -9999 -9999 -9999 -9999 -9999 -9999 -9999 -9999 -9999 -9999 -9999 -9999 -9999 -9999 -9999 -9999 -9999 -9999 -9999 -9999 -9999 -9999 -9999 -9999 -9999 -9999 -9999 17.41091 14.57272 12.21841 15.13565 10.14612 9.265678 7.432279 4.946205 3.117822 2.309353 6.388914 9.51002 22.76353 29.89465 17.80558 6.246403 8.152836 6.50681 5.674021 2.361274 6.226501 7.419045 6.219194 12.68331 22.60965 5.542068 9.265758 6.771267 6.75292 4.80451 4.219429 10.98721 11.73467 13.33998 5.436324 1.792037 2.353635 1.945331
-9999 -9999 -9999 -9999 -9999 -9999 -9999 -9999 -9999 -9999 -9999 -9999 -9999 -9999 -9999 -9999 -9999 -9999 -9999 -9999 -9999 -9999 -9999 -9999 -9999 -9999 -9999 -9999 -9999 -9999 -9999 -9999 -9999 -9999 -9999 8.913317 11.14874 6.04405 4.64505 2.644102 2.370697 3.536035 7.851859 6.013009 21.57671 10.01981 3.901206 3.531173 1.804573 7.589684 2.855999 4.452878 8.94724 8.294129 6.740496 4.278832 6.299581 5.398091 5.577393 5.905545 2.210049 6.696433 7.231982 3.929085 8.573336 7.568494 9.893574 8.543297 19.02052 4.863575 10.49737
-9999 -9999 -9999 -9999 -9999 -9999 -9999 -9999 -9999 -9999 -9999 -9999 -9999 -9999 -9999 -9999 -9999 -9999 -9999 -9999 -9999 -9999 -9999 -9999 -9999 -9999 -9999 -9999 -9999 -9999 -9999 -9999 -9999 -9999 -9999 -9999 5.549392 5.936905 4.47579 5.028082 1.36212 6.68739 29.30877 18.202 5.875943 16.06271 20.41589 54.6792 18.99942 21.90338 26.89833 10.96693 4.564244 8.832 7.574666 3.953223 6.272048 7.952507 4.894017 5.799353 3.0845 4.60232 5.877635 8.826932 5.632901 8.230627 7.680042 2.605187 2.853675 -9999 1.843576
-9999 -9999 -9999 -9999 -9999 -9999 -9999 -9999 -9999 -9999 -9999 -9999 -9999 -9999 -9999 -9999 -9999 -9999 -9999 -9999 -9999 -9999 -9999 -9999 -9999 -9999 -9999 -9999 -9999 -9999 -9999 -9999 -9999 -9999 -9999 -9999 5.129359 11.76488 4.776644 3.361671 3.072589 1.536268 9.113698 2.609489 1.711411 7.148805 13.67328 5.920096 14.058 12.88467 17.83319 16.60505 1.707705 2.442463 2.710928 6.740895 8.242984 6.291709 19.09605 3.405295 3.493759 6.607048 7.382494 10.28166 21.29729 4.080631 7.666409 0.2594888 -9999 -9999 -9999
-9999 -9999 -9999 -9999 -9999 -9999 -9999 -9999 -9999 -9999 -9999 -9999 -9999 -9999 -9999 -9999 -9999 -9999 -9999 -9999 -9999 -9999 -9999 -9999 -9999 -9999 -9999 -9999 2.69297 12.11118 1.909927 1.208966 10.58879 2.998393 13.27827 27.29798 9.898738 5.728806 3.447498 14.89787 5.115661 14.63476 18.70385 31.22266 9.670575 34.98982 27.05686 0.8876853 16.33011 12.58144 7.967546 14.9919 -9999 4.143161 6.528543 4.862728 5.216043 2.741431 6.102554 7.654596 2.197164 3.377985 4.082528 3.953736 4.04538 5.907719 3.933851 -9999 -9999 -9999 -9999
-9999 -9999 -9999 -9999 -9999 -9999 -9999 -9999 -9999 -9999 -9999 -9999 -9999 -9999 -9999 -9999 -9999 -9999 -9999 -9999 -9999 -9999 -9999 -9999 -9999 -9999 -9999 -9999 6.715683 10.83862 2.126672 1.141225 2.146204 0.6419 2.029408 5.366187 5.202587 0.9059426 0.7125371 2.049435 6.422203 11.45085 -9999 -9999 32.01288 -9999 1.299812 2.991647 6.981753 3.460924 8.620326 5.746258 17.76619 9.358997 3.119942 2.310683 4.198554 6.422666 17.61115 16.99061 2.280312 11.85178 6.483771 4.327563 3.265224 4.437335 1.402083 -9999 -9999 -9999 -9999
-9999 -9999 -9999 -9999 -9999 -9999 -9999 -9999 -9999 -9999 -9999 -9999 -9999 -9999 -9999 -9999 -9999 -9999 -9999 -9999 -9999 -9999 -9999 -9999 -9999 -9999 -9999 -9999 -9999 32.58595 2.736309 0.6365914 1.172226 4.551989 0.642377 0.5525085 2.942934 5.014733 3.633598 18.59972 85.82011 24.18175 -9999 -9999 -9999 -9999 6.548512 1.905961 -9999 0.3363955 75.35343 9.236017 9.756432 6.887362 33.75339 31.54815 -9999 27.59834 8.489775 7.879934 3.914118 3.131776 3.034671 3.579942 3.716153 8.545891 269.2433 196.0984 9.301265 20.13976 7.898658
-9999 -9999 -9999 -9999 -9999 -9999 -9999 -9999 -9999 -9999 -9999 -9999 -9999 -9999 -9999 -9999 -9999 -9999 -9999 -9999 -9999 -9999 -9999 -9999 -9999 -9999 -9999 -9999 -9999 10.99088 3.252471 0.8137516 2.438487 4.656079 54.76877 0.4493647 0.7695844 1.203 4.878192 -9999 -9999 12.03741 3.18854 -9999 -9999 -9999 4.265344 2.75804 -9999 -9999 23.50102 94.05767 122.864 5.261127 5.372707 17.91407 21.55264 12.05603 3.713872 2.78335 14.47603 3.576298 4.871595 4.581557 4.537832 7.254296 40.14547 80.88764 15.82107 6.414082 17.07611
-9999 -9999 -9999 -9999 -9999 -9999 1.891668 -9999 -9999 5.624603 6.045515 -9999 -9999 -9999 -9999 -9999 -9999 -9999 -9999 -9999 -9999 -9999 -9999 -9999 -9999 -9999 -9999 -9999 12.01827 6.277758 1.089537 2.224756 1.064649 2.448613 3.482608 1.613424 1.433783 26.5931 123.5423 8.806281 26.3778 9.852218 11.9938 -9999 -9999 -9999 4.53119 6.849982 -9999 -9999 -9999 -9999 -9999 6.183335 6.831248 14.63701 21.55167 11.96147 3.26362 1.928652 4.501082 3.079499 0.9707728 2.180402 5.813829 8.755586 4.014096 5.364359 9.125161 1.396268 31.86582
-9999 -9999 -9999 -9999 -9999 -9999 -9999 -9999 -9999 3.598343 9.768757 -9999 -9999 -9999 -9999 -9999 -9999 -9999 -9999 -9999 -9999 -9999 -9999 -9999 -9999 -9999 -9999 -9999 116.723 3.754042 1.960175 3.305202 1.068048 1.382741 3.122454 0.7778895 5.34441 21.12867 27.68855 19.75819 -9999 -9999 -9999 -9999 -9999 -9999 1.114375 3.492276 -9999 -9999 25.45694 96.84834 12.29178 22.35184 11.12789 11.52505 -9999 -9999 4.140295 5.106225 2.794923 21.55807 2.047483 0.5833259 11.55989 43.60413 7.703983 5.805891 7.48909 4.085941 6.403359
-9999 -9999 -9999 -9999 -9999 -9999 -9999 -9999 -9999 -9999 -9999 -9999 18.41419 -9999 -9999 -9999 -9999 -9999 -9999 -9999 -9999 -9999 -9999 -9999 -9999 -9999 -9999 -9999 -9999 3.306791 3.257882 8.742438 11.34652 7.43639 8.284817 1.255844 11.67994 35.9239 -9999 -9999 -9999 -9999 -9999 -9999 34.74717 7.290784 9.683839 20.86564 27.02094 14.93349 10.85278 7.568172 7.09353 35.33852 3.187799 -9999 -9999 -9999 7.496389 3.014785 3.056017 58.45434 5.165416 4.620606 4.294961 13.42722 6.605317 9.233318 10.5727 4.146588 11.48961
-9999 -9999 -9999 -9999 -9999 -9999 -9999 -9999 -9999 -9999 -9999 -9999 5.155371 -9999 -9999 -9999 -9999 -9999 -9999 -9999 -9999 -9999 -9999 -9999 -9999 -9999 -9999 -9999 -9999 -9999 2.180979 26.63208 8.415029 28.75713 6.84348 18.99644 5.693388 -9999 32.80683 35.79457 58.95471 74.01359 28.19925 39.29036 37.57499 25.82813 11.10296 9.313148 57.95792 33.2562 1.929353 -9999 16.92247 14.75465 -9999 -9999 -9999 -9999 -9999 2.017725 1.406296 1.551028 1.815549 3.224799 3.588919 4.142836 9.159856 5.216424 22.40723 7.783401 6.451378
-9999 -9999 -9999 -9999 -9999 -9999 -9999 -9999 -9999 -9999 -9999 -9999 -9999 -9999 -9999 -9999 -9999 -9999 -9999 -9999 -9999 -9999 -9999 -9999 -9999 -9999 -9999 -9999 -9999 -9999 -9999 44.96325 40.22408 14.34597 19.17139 48.90588 23.00304 38.93756 24.93597 14.07081 7.849009 7.171246 11.66992 16.36088 14.30746 11.29573 9.534778 8.613539 26.89876 36.16957 20.24289 -9999 115.0049 -9999 -9999 -9999 -9999 -9999 -9999 -9999 -9999 2.883866 6.318233 9.606584 1.77158 0.9748049 -9999 -9999 -9999 -9999 3.504799
-9999 -9999 -9999 -9999 -9999 -9999 -9999 -9999 -9999 -9999 -9999 -9999 -9999 -9999 -9999 -9999 -9999 -9999 -9999 -9999 -9999 -9999 -9999 -9999 -9999 -9999 -9999 -9999 -9999 -9999 -9999 52.34983 28.06252 23.544 5.98207 8.179191 15.13943 3.180791 4.082301 1.980478 5.658936 12.49986 3.390949 9.507068 2.285354 1.966481 5.147362 4.865685 19.91995 11.55922 -9999 -9999 -9999 -9999 -9999 -9999 -9999 -9999 -9999 -9999 -9999 0.312937 1.074763 1.84761 0.3829589 -9999 -9999 -9999 -9999 -9999 6.228148
-9999 -9999 -9999 -9999 -9999 -9999 -9999 -9999 -9999 -9999 -9999 -9999 -9999 -9999 -9999 -9999 -9999 -9999 -9999 -9999 -9999 10.30173 -9999 -9999 -9999 -9999 -9999 -9999 -9999 35.69185 91.44048 20.50187 19.91752 6.725946 2.270224 0.5644534 0.4347363 1.428723 0.9939761 1.162876 3.150382 2.031393 1.163427 3.809567 8.890817 1.92526 1.18133 2.141035 9.818566 5.904 -9999 -9999 -9999 -9999 -9999 -9999 -9999 -9999 -9999 -9999 -9999 -9999 -9999 -9999 -9999 -9999 -9999 -9999 -9999 -9999 -9999
-9999 -9999 -9999 -9999 -9999 -9999 -9999 -9999 -9999 -9999 -9999 -9999 -9999 -9999 -9999 -9999 -9999 -9999 -9999 -9999 10.15724 45.79744 -9999 -9999 -9999 -9999 -9999 -9999 37.03309 16.28057 13.8963 21.91922 5.448063 2.923472 0.8836589 0.3350289 0.7428837 1.147882 0.7040823 0.4042342 0.4265166 3.309729 3.192266 1.43985 1.469355 0.1581969 0.1258432 0.2880239 1.122935 3.581942 10.63689 32.22818 5.783711 3.12085 -9999 -9999 -9999 8.366807 6.023018 3.596446 1.309545 0.7548527 0.3318614 -9999 -9999 -9999 -9999 -9999 -9999 -9999 -9999
-9999 -9999 -9999 -9999 -9999 -9999 -9999 -9999 -9999 -9999 -9999 -9999 -9999 -9999 -9999 -9999 -9999 -9999 -9999 -9999 -9999 -9999 -9999 -9999 -9999 -9999 -9999 -9999 11.34773 13.03896 23.7101 6.671137 3.962572 4.624621 0.5211974 1.3754 1.465884 0.07896702 0.06466593 0.6016371 0.2738718 0.2025264 0.8947959 1.009361 0.07240937 0.01641883 0.01641884 0.04593375 0.1967291 0.3436244 0.662254 1.946469 3.10311 1.701645 0.3150744 0.3150744 -9999 8.366807 7.571995 3.89254 1.242168 0.3882244 0.3526142 0.7596436 3.252538 9.200475 3.109025 709.0269 227.5867 181.8272 80.03738
-9999 -9999 -9999 -9999 -9999 -9999 -9999 -9999 -9999 -9999 -9999 -9999 -9999 -9999 -9999 -9999 -9999 -9999 -9999 -9999 -9999 -9999 -9999 -9999 -9999 -9999 -9999 -9999 29.98151 7.030208 2.208135 3.501423 3.096214 0.1137229 0.102657 0.2074351 0.1127547 0.105547 0.1144497 0.2005593 0.195679 0.1917464 0.1137605 0.1058019 0.09172313 0.0190968 0.02098888 0.07104435 0.2222736 0.2671655 0.662254 0.8637419 1.333344 0.3150744 0.3150744 0.3150744 0.2920492 0.1522304 0.1522304 0.1522304 0.2521392 0.3237506 0.2925023 0.0003322629 -9999 0.06887651 0.3975035 11.77555 85.82267 372.5552 23.51676
-9999 -9999 -9999 -9999 -9999 -9999 -9999 -9999 -9999 -9999 -9999 -9999 -9999 -9999 -9999 -9999 -9999 -9999 -9999 -9999 -9999 -9999 -9999 -9999 6.656445 -9999 -9999 9.487354 4.838207 0.7782845 0.5754108 0.1550761 0.1164899 0.01207522 0.01337503 0.1073754 0.1268782 0.5239044 0.3533748 0.355658 0.119168 0.1119141 0.09965451 0.05244832 0.01707333 0.01748774 0.02593349 0.08875009 0.2420214 0.2653698 0.662254 0.662254 0.4286623 0.1814282 0.2104488 0.252857 0.2560942 0.1522304 0.1522304 0.1522304 0.1522304 0.32117 0.3007122 0.2429229 0.2098869 -9999 -9999 -9999 55.92826 98.43848 5.863225
-9999 -9999 -9999 -9999 -9999 -9999 -9999 -9999 -9999 -9999 -9999 -9999 -9999 -9999 -9999 -9999 -9999 -9999 -9999 3.700528 6.354109 31.27195 72.09026 4.455231 11.76023 0.08429861 2.703965 0.8072219 0.4842699 0.1300897 0.01868579 0.007533834 0.007533834 0.00907456 0.01294304 0.0557724 0.190425 0.8173821 0.3147955 0.1499349 0.1174945 0.0862564 0.02759115 0.01871938 0.01570024 0.01570024 0.02921028 0.07983968 0.1440002 0.1377529 0.1472379 0.1461126 0.1218237 0.08354779 0.07535778 0.07923131 0.1486616 0.1475457 0.1522304 0.1522304 0.1522304 0.2988798 0.3120512 -9999 0.003259579 -9999 0.4444016 0.08680838 66.4155 1.126079 0.3299822
-9999 -9999 -9999 -9999 -9999 -9999 -9999 -9999 -9999 -9999 -9999 -9999 -9999 -9999 -9999 -9999 -9999 -9999 -9999 2.281847 2.584481 67.76379 23.49046 -9999 11.97808 0.1324116 0.01756198 0.01088156 0.0114998 0.07487395 0.1090218 0.1009554 0.03386576 0.007533833 0.01359666 0.2962437 0.3218072 0.9790273 0.2241383 0.1739951 0.1031676 0.02301644 0.01998358 0.01845125 0.01840619 0.03331009 0.0517579 0.08309363 0.09712061 0.1254293 0.1427419 0.1877513 0.4666573 0.8930445 0.1383515 0.07535778 0.07535778 0.1374976 0.1496283 0.1505304 0.1507408 0.1494016 0.147061 -9999 -9999 0.1655785 0.06211185 -9999 51.95143 33.31061 0.05213722
-9999 -9999 -9999 -9999 -9999 -9999 -9999 -9999 -9999 -9999 -9999 -9999 -9999 -9999 -9999 -9999 -9999 -9999 -9999 -9999 -9999 -9999 -9999 3.783442 0.2799854 0.008554193 0.7943212 0.001361483 0.001255303 0.008226374 0.0490551 0.1051592 0.1152503 0.09152288 0.05845635 0.1208187 0.1132378 0.07183416 0.2640936 0.3610417 0.1029345 0.08853284 0.01541764 0.01756638 0.02891104 0.05065853 0.05065853 0.05857174 0.07727824 0.1829052 0.3612129 0.369386 0.643179 0.1624625 0.05765589 0.07139649 0.06935393 0.02855949 0.01924354 0.01924354 0.01924354 0.01924354 0.01924351 -9999 -9999 0.2603064 -9999 -9999 -9999 73.68665 35.83379
-9999 -9999 -9999 -9999 -9999 -9999 -9999 -9999 -9999 -9999 -9999 -9999 -9999 -9999 -9999 -9999 -9999 -9999 -9999 -9999 -9999 -9999 -9999 0.0003672569 0.001763493 0.002398056 0.0100919 0.01009692 0.01009022 0.01009652 0.01010489 0.01631919 0.05286001 0.03312293 0.03211942 0.03075913 0.03073194 0.03073194 0.03073194 0.05692104 0.04467537 0.0616934 0.008877157 0.01608341 0.02628902 0.04299343 0.03599885 0.05338705 0.07689621 0.1543728 0.1457942 0.05989647 0.04703084 0.04703084 0.04703084 0.04703084 0.04703084 0.0239764 0.01924354 0.01924354 0.01924354 0.01924354 0.01924351 -9999 -9999 -9999 0.9895946 0.225343 1.119868 -9999 29.31858
-9999 -9999 -9999 -9999 -9999 -9999 -9999 -9999 -9999 -9999 -9999 -9999 -9999 -9999 -9999 -9999 -9999 -9999 -9999 -9999 -9999 -9999 0.006782889 0.0001814688 0.001132099 0.001367087 0.006615216 0.006615206 0.006615197 0.006615187 0.006615177 0.01406809 0.02109351 0.02547765 0.03739135 0.04015835 0.03794128 0.03557901 0.0330206 0.02402393 0.00887668 0.00887668 0.00887668 0.0140065 0.01746527 0.01888649 0.02663172 0.04558511 0.05764665 0.0549911 0.04703084 0.04703084 0.04703084 0.04703084 0.04703084 0.04703084 0.04703084 0.02409911 0.01924354 0.01924354 0.01924354 0.01924354 0.01924351 -9999 -9999 -9999 -9999 -9999 0.1894632 -9999 9.672903
-9999 -9999 -9999 -9999 -9999 -9999 -9999 -9999 -9999 -9999 -9999 -9999 -9999 -9999 -9999 -9999 -9999 -9999 -9999 -9999 -9999 0.4768987 1.359516 0.001347722 0.0001343294 0.002584204 0.006614748 0.006614748 0.006614748 0.006715961 0.007339179 0.01344404 0.02109351 0.02109351 0.0214699 0.03044349 0.04025721 0.04093222 0.04093222 0.02559527 0.01512683 0.01377043 0.01502171 0.2004211 0.02085069 0.01455062 0.03199187 0.02626826 0.04172273 0.03776666 0.03365461 0.04213604 0.04703058 0.04517047 0.04216424 0.04703084 0.04703084 0.02422181 0.01924354 0.01924354 0.01924354 0.01924354 0.01924351 -9999 -9999 -9999 -9999 -9999 0.08088049 -9999 2.139838
-9999 -9999 -9999 -9999 -9999 -9999 -9999 -9999 -9999 -9999 -9999 -9999 -9999 -9999 -9999 -9999 -9999 -9999 -9999 -9999 -9999 0.007612988 0.0008551479 0.002276169 0.0007436386 0.9365342 0.006614748 0.00661677 0.00701709 0.007612748 0.007686906 0.01778708 0.02176566 0.02109351 0.02109351 0.02109351 0.02406061 0.03623142 0.04093222 0.03074538 0.02334415 0.02334415 0.03207804 0.4540952 0.2069038 0.009455622 0.009455622 0.01447369 0.04345018 0.01441098 0.01437754 0.01512522 0.02071211 0.03876581 0.02556909 0.03046758 0.04096761 0.02431926 0.01924354 0.01924354 0.01924354 0.01924354 0.01924351 0.0003315903 0.0004087753 0.0004655556 0.0004786252 0.0003339142 0.0004484967 0.0946209 0.002104471
-9999 -9999 -9999 -9999 -9999 -9999 -9999 -9999 -9999 -9999 -9999 -9999 -9999 -9999 -9999 -9999 -9999 -9999 -9999 -9999 6.528253 0.0322084 0.02836422 0.04045146 0.04477865 0.03862077 0.007105239 0.007403738 0.007686906 0.007686906 0.009246211 0.02119127 0.02526415 0.02109352 0.02109352 0.02109352 0.02109352 0.02402307 0.03893012 0.05603758 0.02829817 0.02432064 0.1056867 0.469946 0.2554526 0.02061798 0.0293346 0.04901476 0.05011182 0.01437754 0.01437754 0.01437754 0.01437754 0.0340221 0.03437313 0.02496329 0.02496329 0.02384715 0.0209477 0.01939904 0.01924355 0.01924355 0.01924364 0.0669901 0.06699067 0.06699067 0.06699067 0.06699018 0.06699066 0.06699066 0.3946052
