manual/examples/resources/data/gpw/gpw_v4_basic_demographic_characteristics_rev10_a000_014bt_2010_dens_1_deg.asc
ncols         360
nrows         145
xllcorner     -180
yllcorner     -60
cellsize      0.99999999999994
NODATA_value  -9999
[rows 0 to 31 of 145, columns 213 to 283 of 360]
-9999 -9999 -9999 -9999 -9999 -9999 -9999 -9999 -9999 -9999 -9999 -9999 -9999 -9999 -9999 -9999 -9999 -9999 -9999 -9999 -9999 -9999 -9999 -9999 -9999 -9999 -9999 -9999 -9999 -9999 -9999 -9999 -9999 -9999 -9999 -9999 -9999 -9999 -9999 -9999 -9999 -9999 -9999 -9999 -9999 -9999 -9999 -9999 -9999 -9999 -9999 -9999 -9999 -9999 -9999 -9999 -9999 -9999 -9999 -9999 -9999 -9999 -9999 -9999 -9999 -9999 -9999 -9999 -9999 -9999 -9999
-9999 -9999 -9999 -9999 -9999 -9999 -9999 -9999 -9999 -9999 -9999 -9999 -9999 -9999 -9999 -9999 -9999 -9999 -9999 -9999 -9999 -9999 -9999 -9999 -9999 -9999 -9999 -9999 -9999 -9999 -9999 -9999 -9999 -9999 -9999 -9999 -9999 -9999 -9999 -9999 -9999 -9999 -9999 -9999 -9999 -9999 -9999 -9999 -9999 -9999 -9999 -9999 -9999 -9999 -9999 -9999 -9999 -9999 -9999 -9999 -9999 -9999 -9999 -9999 -9999 -9999 -9999 -9999 -9999 -9999 -9999
-9999 -9999 -9999 -9999 -9999 -9999 -9999 -9999 -9999 -9999 -9999 -9999 -9999 -9999 -9999 -9999 -9999 -9999 -9999 -9999 -9999 -9999 -9999 -9999 -9999 -9999 -9999 -9999 -9999 -9999 -9999 -9999 -9999 -9999 -9999 -9999 -9999 -9999 -9999 -9999 -9999 -9999 -9999 -9999 -9999 -9999 -9999 -9999 -9999 -9999 -9999 -9999 -9999 -9999 -9999 -9999 -9999 -9999 -9999 -9999 -9999 -9999 -9999 -9999 -9999 -9999 -9999 -9999 -9999 -9999 -9999
-9999 -9999 -9999 -9999 -9999 -9999 -9999 -9999 -9999 -9999 -9999 -9999 -9999 -9999 -9999 -9999 -9999 0.006290559 0.006290559 -9999 -9999 0.006290559 0.00629056 0.006290559 0.006290559 0.006290559 0.006290559 0.006290559 0.006290559 0.006290559 0.006290559 0.006290559 0.006290559 -9999 -9999 -9999 -9999 -9999 -9999 -9999 -9999 -9999 -9999 -9999 -9999 -9999 -9999 -9999 -9999 -9999 -9999 -9999 -9999 -9999 -9999 -9999 -9999 0.007201273 0.007201273 -9999 0.007201273 0.007201273 0.007201273 0.007201273 -9999 -9999 -9999 -9999 -9999 -9999 -9999
-9999 -9999 -9999 0.01672219 -9999 -9999 -9999 -9999 -9999 -9999 -9999 0.006290559 0.006290559 0.006290559 0.00629056 0.006290559 0.006290559 0.00629056 0.006290559 0.006290559 0.006290559 0.006290559 0.006290559 0.006290559 0.006290559 0.006290559 0.006290559 0.006290559 0.006290559 0.006290559 0.00629056 0.006290559 0.006290559 -9999 -9999 -9999 -9999 -9999 -9999 -9999 -9999 -9999 -9999 -9999 -9999 0.007201273 0.007201273 -9999 -9999 -9999 -9999 -9999 -9999 -9999 -9999 -9999 -9999 0.007201273 0.007201273 0.007201273 0.007201273 0.007201273 0.007201273 0.007201273 0.007201273 0.007201273 0.007201273 -9999 -9999 -9999 -9999
-9999 -9999 -9999 -9999 -9999 -9999 -9999 -9999 -9999 -9999 -9999 -9999 -9999 -9999 -9999 -9999 -9999 0.006290559 0.006290559 -9999 -9999 -9999 -9999 -9999 -9999 0.006290559 0.006290559 0.00629056 -9999 -9999 -9999 -9999 -9999 -9999 -9999 -9999 -9999 -9999 -9999 -9999 -9999 -9999 -9999 0.007201274 0.007201273 -9999 -9999 -9999 -9999 -9999 -9999 -9999 -9999 -9999 -9999 -9999 -9999 0.007201273 0.007201273 0.007201273 0.007201273 0.007201273 0.007201273 0.007201273 0.007201273 0.007201273 0.007201273 0.007201273 0.007201273 0.007201273 0.007201273
-9999 -9999 -9999 -9999 -9999 -9999 -9999 -9999 -9999 -9999 -9999 -9999 -9999 -9999 -9999 -9999 -9999 -9999 -9999 -9999 -9999 -9999 -9999 -9999 -9999 -9999 -9999 -9999 -9999 -9999 -9999 -9999 -9999 -9999 -9999 -9999 -9999 -9999 -9999 -9999 -9999 -9999 -9999 -9999 -9999 -9999 -9999 -9999 -9999 -9999 -9999 -9999 -9999 -9999 -9999 -9999 -9999 -9999 -9999 -9999 0.007201273 -9999 0.007201273 0.007201273 0.007201273 0.007201273 0.007201273 0.007201273 0.007201273 0.007201273 0.007201273
-9999 -9999 -9999 -9999 -9999 -9999 -9999 -9999 -9999 -9999 -9999 -9999 -9999 -9999 -9999 -9999 -9999 -9999 -9999 -9999 -9999 -9999 -9999 -9999 -9999 -9999 -9999 -9999 -9999 -9999 -9999 -9999 -9999 -9999 0.006290558 -9999 -9999 -9999 -9999 -9999 -9999 -9999 -9999 -9999 -9999 -9999 -9999 -9999 -9999 0.007201273 -9999 -9999 -9999 -9999 -9999 0.007201273 0.007201273 0.007201273 0.007201273 0.007201273 -9999 -9999 0.007201273 0.007201273 -9999 -9999 0.007201273 0.007201273 0.007201273 0.007201273 0.007201273
-9999 -9999 -9999 -9999 -9999 -9999 -9999 -9999 -9999 -9999 -9999 -9999 -9999 -9999 -9999 -9999 -9999 -9999 -9999 -9999 -9999 -9999 -9999 -9999 -9999 0.006290559 0.006290559 0.006290559 0.006290559 0.006290559 0.006290559 0.006290559 0.006290559 0.006290559 0.006290559 0.006290559 0.006290559 -9999 -9999 -9999 -9999 -9999 -9999 -9999 -9999 -9999 -9999 -9999 -9999 -9999 -9999 -9999 -9999 -9999 -9999 0.007201273 0.007201273 -9999 0.007201273 0.007201273 0.007201273 0.007201273 0.007201273 0.007201273 0.007201273 0.007201273 0.007201273 0.007201273 0.007201273 0.007201273 0.007201273
-9999 -9999 -9999 -9999 -9999 -9999 -9999 -9999 -9999 -9999 -9999 -9999 -9999 -9999 -9999 -9999 -9999 -9999 -9999 -9999 -9999 -9999 0.006290559 0.006290559 0.006290559 0.006290559 0.006290559 0.006290559 0.006290559 0.006290559 0.006290559 0.006290559 0.00629056 0.00629056 -9999 -9999 -9999 -9999 -9999 -9999 -9999 -9999 -9999 -9999 -9999 -9999 -9999 -9999 0.007201273 0.007201273 0.007201273 -9999 -9999 0.007201273 0.007201273 0.007201273 0.007201273 0.007201273 0.007201273 0.007201273 0.007201273 0.007201273 0.007201273 0.007201273 0.007201273 0.007201273 0.007201273 0.007201273 0.007201273 0.007201273 0.007201273
-9999 -9999 -9999 -9999 -9999 -9999 -9999 -9999 -9999 -9999 -9999 -9999 -9999 -9999 -9999 -9999 -9999 -9999 -9999 -9999 -9999 0.006290559 0.006290559 0.006290559 0.006290559 0.006290559 0.006290559 0.00629056 -9999 -9999 -9999 -9999 -9999 -9999 -9999 -9999 -9999 -9999 -9999 -9999 -9999 -9999 -9999 -9999 -9999 -9999 0.007201273 -9999 -9999 0.007201273 0.007201273 0.007201273 0.007201273 0.007201273 0.007201273 0.007201273 0.007201273 0.007201273 0.007201273 0.007201273 0.007201273 0.007201273 0.007201273 0.007201273 0.007201273 0.007201273 0.007201273 0.007201273 0.007201273 0.007201273 0.007201273
-9999 -9999 -9999 -9999 -9999 -9999 -9999 -9999 -9999 -9999 -9999 -9999 -9999 -9999 -9999 -9999 -9999 -9999 -9999 -9999 0.006290559 0.006290559 0.006290559 0.006290559 0.00629056 0.006290559 -9999 -9999 -9999 -9999 -9999 -9999 -9999 -9999 -9999 -9999 0.1561062 0.1561062 0.1561062 -9999 -9999 0.1561062 0.1561062 0.1561062 -9999 0.007201273 0.007201273 0.007201273 0.007201273 0.007201273 0.007201273 0.007201273 0.007201273 0.007201273 0.007201273 0.007201273 0.007201273 0.007201273 0.007201273 0.007201273 0.007201273 0.007201273 0.007201273 0.007201273 0.007201273 0.007201273 0.007201273 0.007201273 0.007201273 0.007201273 0.007201273
-9999 -9999 -9999 -9999 -9999 -9999 -9999 -9999 -9999 -9999 -9999 -9999 -9999 -9999 -9999 -9999 -9999 -9999 0.006290559 0.006290559 0.006290559 0.006290559 0.006290559 0.006290559 -9999 -9999 -9999 -9999 -9999 -9999 -9999 -9999 -9999 -9999 -9999 0.1561062 0.1561062 0.1561062 0.1561062 0.1561062 -9999 0.1561062 0.1561062 0.1561062 0.1561062 0.1017627 0.01994726 0.007201273 0.007201273 0.007201273 0.007201273 0.007201273 0.007201273 0.007201273 0.007201273 0.007201273 0.007201273 0.007201273 0.007201273 0.007201273 0.007201273 0.007201273 0.007201273 0.007201273 0.007201273 0.007201273 0.007201273 0.007201273 0.007201273 0.007201273 0.007201273
-9999 -9999 -9999 -9999 -9999 -9999 -9999 -9999 -9999 -9999 -9999 -9999 -9999 -9999 -9999 -9999 -9999 -9999 0.006290559 0.006290559 0.006290559 0.006290559 0.006290559 0.006290559 -9999 -9999 -9999 -9999 -9999 -9999 -9999 -9999 -9999 0.1561062 0.1561062 0.1561062 0.1561062 0.1561062 0.1561062 0.1561062 0.1561062 0.1561062 0.1561062 0.1561062 0.1561062 0.1561062 0.1119726 0.0205384 0.007201273 0.007201273 0.007201273 0.007201273 0.007201273 0.007201273 0.007201273 0.007201273 0.007201273 0.007201273 0.007201273 0.007201273 0.007201273 0.007201273 0.007201273 0.007201273 0.007201273 0.007201273 0.007201273 0.007201273 0.007201273 0.007201273 0.007201273
-9999 -9999 -9999 -9999 -9999 -9999 -9999 -9999 -9999 -9999 -9999 -9999 -9999 -9999 -9999 -9999 -9999 -9999 -9999 0.006290559 0.006290559 0.006290559 0.00629056 0.006290559 0.006290559 0.01946326 0.01946326 0.01946326 -9999 -9999 -9999 -9999 -9999 0.1561062 0.1561062 0.1561062 0.1561062 0.1561062 0.1561062 0.1561062 0.1561062 0.1561062 0.1561062 0.1561062 0.1561062 0.1561062 0.1334023 0.06624348 0.007201273 0.007201273 0.007201273 0.007201273 0.007201273 0.007201273 0.007201273 0.007201273 0.007201273 0.007201273 0.007201273 0.007201273 0.007201273 0.007201273 0.007201273 0.007201273 0.007201273 0.007201273 0.007201273 0.007201273 0.007201273 0.007201273 0.007201273
12.78815 0.2555225 0.2555225 0.2366639 -9999 -9999 -9999 -9999 -9999 -9999 -9999 -9999 -9999 -9999 -9999 0.01946326 0.01946326 0.01946326 -9999 -9999 -9999 -9999 -9999 -9999 -9999 0.01946326 0.01946326 0.01946326 0.01946326 0.01946326 0.01946326 0.03815451 0.1537742 0.1561062 0.1561062 0.1561062 0.1561062 0.1561062 0.1561062 0.1561062 0.1561062 0.1561062 0.1561062 0.1561062 0.1561062 0.1556148 0.09418543 0.05386694 0.05126318 0.01814155 0.007201273 0.007201273 0.007201273 0.007201273 3.695334 3.611956 0.007201273 0.007201273 0.007201273 0.007201273 0.007201273 0.007151229 0.006132947 0.005344024 0.004620562 0.004308273 0.004003019 0.004580405 0.004940473 0.005600804 0.005881889
10.1626 0.1086302 0.09047791 0.04472581 0.03526906 0.03787727 0.3785884 -9999 -9999 -9999 0.01946326 0.01946326 0.01946326 0.01946326 -9999 0.01946326 0.01946326 0.01946326 0.01946326 0.01946326 0.01946326 0.01946326 0.01946326 0.01946326 0.01946326 0.01946326 0.01946326 0.01946326 0.01946326 0.01946326 0.02324463 0.2060109 0.2113356 0.1561062 0.1561062 0.1561062 0.1561062 0.1561062 0.1561062 0.1561062 0.1561062 0.1561062 0.1561062 0.1561062 0.1561062 0.1561062 0.1561062 0.1561062 0.1561062 0.09844931 0.007724888 0.007201273 0.007375591 0.007625919 0.2104002 0.007201273 0.007201273 0.007201273 0.007201273 0.006802327 0.005596804 0.004426046 0.003473825 0.003473825 0.003473825 0.003473825 0.003473825 0.003473825 0.003473825 0.003473825 0.003473825
2.683549 0.6885586 0.03801417 0.03526906 0.03526906 0.03526906 0.05765146 0.05168851 0.04386261 -9999 0.01946326 0.01946326 0.01946326 0.01946326 0.01946326 0.01946326 0.01946326 0.01946326 0.01948627 0.1372595 0.7255691 0.01955747 0.01956004 0.01956513 0.01956954 0.01957091 0.01954476 0.01956705 0.04700575 0.254201 0.5733842 0.7443872 0.5621195 0.1841334 0.1561062 0.1561062 0.1561062 0.1561062 0.1561062 0.1561062 0.1561062 0.1561062 0.1561062 0.1561062 0.1561062 0.1561062 0.1561062 0.1561062 0.1510264 0.04841999 0.01371741 0.01029541 0.01346145 0.01414215 0.0112921 0.01027029 0.01047317 0.01007082 0.005522563 0.003542887 0.003473825 0.003473825 0.003473825 0.003473825 0.003473825 0.003473825 0.003473825 0.003473825 0.003473825 0.003473825 0.003473825
0.1269154 0.06658 0.05183009 0.05059398 0.04883541 0.04532202 0.04454709 0.03700881 0.04488862 0.04875089 0.04875089 0.03172734 0.02365695 0.02018539 0.01951921 0.02284856 0.02782048 0.03672928 0.0472174 0.05288335 0.1016642 0.2547585 0.2632801 0.2632801 0.2632801 0.2521674 0.1931191 0.1930491 0.1964749 0.4605294 0.4892352 0.3090918 0.1656788 0.1561062 0.1561062 0.1561062 0.1561062 0.1561062 0.1561062 0.1561062 0.1561062 0.1561062 0.1561062 0.1561062 0.1561062 0.1561062 0.1561062 0.1561062 0.1561062 0.1540145 0.04471165 0.01502523 0.01502523 0.01502523 0.01502523 0.01497869 0.009785812 0.005193776 0.003473825 0.003473825 0.003473825 0.003473825 0.003473825 0.003473825 0.003473825 0.003473825 0.003473825 0.003473825 0.003473825 0.003473825 0.003473825
0.2455313 0.3059084 0.2014238 0.2010356 0.2010356 -9999 0.2010356 0.1925145 0.1222809 0.07307865 0.06399103 0.05013392 0.04747985 0.04638711 0.04336643 0.04707522 0.05103353 0.05288277 0.05288335 0.05965659 0.1608363 0.1885897 0.2846217 0.3047403 0.3113951 0.3123504 0.2324877 0.2077543 0.3557898 0.3251833 0.1561062 0.1561062 0.1561062 0.1561062 0.1561062 0.1561062 0.1561062 0.1561062 0.1561062 0.1561062 0.1561062 0.1561062 0.1561062 0.1561062 0.1561062 0.1561062 0.1561062 0.1561062 0.1561062 0.1561062 0.1402805 0.05654253 0.01502523 0.01502523 0.01502523 0.0139528 0.005564407 0.003473825 0.003473825 0.003473825 0.003473825 0.003473825 0.003473825 0.003473825 0.003473825 0.003473825 0.003473825 0.003473825 0.003473825 0.003473825 0.003473825
0.329738 0.314073 0.2387583 0.2129344 0.2158911 0.3891719 8.722848 14.69363 0.2188447 0.1894284 0.1529093 0.1263029 0.07261569 0.05978762 0.06270219 0.06071695 0.07033861 0.08230473 0.1243557 0.6334619 0.4800504 0.3155743 0.3900762 0.2656092 0.2107836 0.206817 0.316781 0.5664178 0.5733156 0.5131145 0.3212414 0.3314246 0.3873914 0.3730649 0.1972033 0.2581146 0.3270355 0.2370903 0.1561062 0.1561062 0.1561062 0.1561062 0.1561062 0.1561062 0.1561062 0.1561062 0.1561062 0.1561062 0.1561062 0.1561062 0.1561062 0.1488236 0.1193843 0.01505955 0.01502523 0.01502523 0.01264952 0.009707337 0.007222734 0.003573833 0.003473825 0.003473825 0.003473825 0.003473825 0.003473825 0.003473825 0.003473825 0.003473825 0.003473825 0.003473825 0.003473825
0.5137755 0.6379021 0.4790401 0.2794138 0.2419687 0.2423652 0.2611473 0.3483932 0.340094 0.2347424 0.1725974 0.1496952 0.1367044 0.1277224 0.0991387 0.09504387 0.0987534 0.142444 0.159074 0.6403493 1.331905 0.6705161 0.3872915 0.1471123 0.09339862 0.08937558 0.3730469 0.5733156 0.5733156 0.5733156 0.5733156 0.5733156 0.5733156 0.5733156 0.5733156 0.5733156 0.5733156 0.5453478 0.3662491 0.2946475 0.2701794 0.1908947 0.1936021 0.1626525 0.1561062 0.1561062 0.1561062 0.1793706 0.159617 0.1561062 0.1561062 0.1561062 0.07808886 0.01502524 0.01502523 0.01502523 0.01502523 0.01502523 0.01324607 0.004041032 0.003473825 0.003473825 0.003473825 0.003473825 0.003473825 0.003473825 0.003473825 0.003473825 0.003473825 0.003473825 0.003473825
0.8307554 0.8529928 0.3760225 0.2801891 0.2788578 0.2976816 0.3047965 0.8113735 0.530697 0.216396 0.2063514 0.1599845 0.1344578 0.1444423 0.1368859 0.1620241 0.5242706 0.3825016 0.1688148 0.1670847 0.4445127 0.5471108 0.1263574 0.05842574 0.05842575 0.05842575 0.3324675 0.5733156 0.5733156 0.5733156 0.5733156 0.5733156 0.5733156 0.5733156 0.5733156 0.5733156 0.5733156 0.5733156 0.5733156 0.5733156 0.5733156 0.5733156 0.5733156 0.569261 0.4381419 0.3837848 0.4182181 0.5484313 0.5002552 0.4619116 0.3626448 0.191591 0.03047751 0.01502523 0.01502523 0.01502524 0.01502523 0.01113042 0.005030239 0.003473825 0.003473825 0.003473825 0.003473825 0.003473825 0.003473825 0.003473825 0.003473825 0.003473825 0.003473825 0.003473825 0.003473825
0.5801526 9.410691 0.6005649 0.2965128 0.3028526 0.3038037 0.3755333 0.5515842 0.7446085 0.6246647 0.4342906 0.3651672 0.381219 2.338688 1.455575 0.2759725 0.5060649 7.501568 0.3330125 0.1714979 0.1785542 0.1691975 0.1668534 0.1301079 0.1263863 0.1352889 0.1938532 0.2882381 0.3392039 0.4811397 0.5733156 0.5733156 0.5733156 0.5733156 0.5733156 0.5733156 0.5733156 0.5733156 0.5733156 0.5733156 0.5733156 0.5733156 0.5733156 0.5733156 0.5733156 0.5733156 0.5733156 0.5733156 0.5733156 0.5733156 0.5662536 0.5146047 0.2294594 0.02505732 0.02419657 0.02236505 0.01515242 0.01268842 0.003645077 0.007909916 0.00819677 0.007580633 0.004077856 0.003473825 0.003473825 0.003473825 0.003473825 0.003473825 0.003473825 0.003473825 0.003473825
1.074998 0.7787044 0.4406359 0.3806223 0.3918791 0.4280407 0.5163494 0.5078606 0.468396 0.5286543 0.4000222 0.3126757 0.7902572 0.9183269 0.5408324 0.3683034 0.2834264 0.2024604 0.1851341 0.4886789 0.5378607 0.5454453 0.2655258 0.2242007 0.2284334 0.2330886 1.058544 0.7088779 0.3308725 0.1325314 0.4960123 0.5733156 0.5733156 0.5733156 0.5733156 0.5733156 0.5733156 0.5733156 0.5733156 0.5733156 0.5733156 0.5733156 0.5733156 0.5176987 1.292546 0.1600773 0.1972535 0.1817599 0.2319821 0.1844443 0.0625357 0.07553007 0.04114978 0.04114979 0.04114978 0.04114978 0.03879222 0.03518606 0.03172288 0.03667258 0.03790795 0.03768287 0.01074895 0.003473825 0.003473825 0.003473825 0.01054451 0.003518427 0.003473825 0.003473825 0.003473825
0.9867946 1.022601 0.6742177 0.5745405 7.973531 2.006746 9.04172 1.538635 0.7452953 0.4471634 0.3002237 0.3528656 0.4357816 0.4314929 0.3460013 0.4489471 0.6321864 0.2986515 0.3862937 0.5830767 0.5084276 0.580795 0.5590003 7.491082 1.008127 1.055808 0.7799997 3.03144 1.210088 0.08802845 0.1048795 0.3792793 0.5328869 0.5733156 0.5288538 0.3509198 0.1201981 0.1369724 0.2139247 0.4389028 0.5732436 0.5733156 0.5212914 0.2251545 0.04362759 0.04453778 0.04406283 0.04104541 0.04153561 0.0477732 0.1120007 0.06866377 0.06063676 0.06145188 0.05371684 0.04529332 0.04114979 0.04114979 0.03984017 0.03802039 0.0379102 0.06635364 0.09019631 0.08097697 0.09662199 0.1127573 0.133347 0.09018107 0.07603663 0.04591455 0.01166599
1.574312 1.334332 0.8444481 0.7748762 0.8993219 1.071691 1.317223 1.118677 1.469939 0.8911908 0.483551 0.8030943 1.2408 0.5157937 0.5183179 1.474892 12.83317 3.02828 0.9667304 3.746575 1.196091 1.646997 3.501106 6.420382 3.392803 1.705474 4.436209 2.048301 0.8631899 0.5269625 0.3472961 0.2253045 0.7113623 0.4128914 0.2823516 3.409598 0.1488832 0.1790178 0.1097342 0.08084068 0.176925 0.312902 0.1675442 0.04046972 0.04239944 0.04467631 0.04669567 0.06291529 0.2011803 0.3340078 0.3759326 0.08309709 0.06801101 0.110666 0.09641667 0.04701622 0.04114979 0.04114978 0.04114978 2.134596 0.1813501 0.1402235 0.1427517 0.1445179 0.1445179 0.1370318 0.1166186 0.1062883 0.1017457 1.408075 0.0887649
1.392322 3.164968 1.892385 1.177601 2.000447 5.873529 15.1574 11.6386 6.573896 3.364522 0.8324439 0.9279066 1.238213 1.466685 1.063803 1.42493 1.387212 0.7783629 0.8921326 1.818668 3.661459 2.598238 13.2823 15.06061 2.476077 2.919861 8.694267 5.891554 5.336866 2.144179 1.731668 1.066173 19.37811 1.0989 0.567869 0.3139325 0.296078 0.3085674 0.2478404 0.2119248 0.3779679 0.4556361 0.3189172 0.07347173 0.06516474 0.06635818 0.1169691 0.09845515 0.1739057 0.2205399 0.3681661 0.5527273 0.779129 0.2173645 0.1477232 0.09762587 0.127837 0.128109 0.1535079 0.2814111 0.3349761 0.2116571 0.2269418 0.2541912 0.2786472 0.420328 0.2385056 0.179469 0.09262408 1.406476 0.3619666
0.6766489 2.153849 9.143697 6.87989 16.17664 11.07461 3.897613 12.41016 9.321766 3.264123 33.52157 9.335165 1.478691 2.377336 21.75049 4.707543 3.269566 3.14843 2.788504 4.470871 21.41432 7.795718 2.414121 2.166389 2.27403 1.615811 3.870646 38.15233 7.797174 3.287833 3.146403 1.072375 2.019531 2.868152 1.114472 1.038871 2.662817 0.7325937 0.4457787 0.3622715 0.4537554 0.7042478 0.4763991 0.2653189 0.2595529 0.1398985 0.1459881 0.1211398 0.1344607 0.1847033 0.6907662 8.782506 9.929203 2.238545 1.067386 0.9241457 0.8830724 4.233716 0.5480854 11.95049 7.558324 2.439775 3.058495 0.6806718 0.6435128 0.4390515 0.2527848 0.2923928 7.581848 0.3464108 0.4352523
1.74949 1.892391 2.726615 13.95767 249.1826 33.43313 7.109432 3.323014 2.881214 5.748257 5.288908 2.908484 2.233428 4.214452 6.939095 11.36405 30.93098 3.837311 9.955444 17.32846 3.095818 3.824576 3.797086 2.177092 2.085272 2.362854 4.792498 7.262225 32.11544 1.492819 1.241529 1.561405 9.081792 0.8780511 0.7998538 1.532587 3.207239 0.7917834 1.035883 1.287364 10.8153 1.201674 0.8718342 0.678872 0.8964725 1.036714 0.4419025 0.3386564 0.5760002 13.30529 4.943276 3.3408 5.141413 11.6074 0.6125874 0.78694 2.013232 1.158217 0.497253 9.39638 1.332697 1.201723 0.4312543 0.5663266 0.5132129 0.3612483 0.2511139 0.3211154 0.3647329 0.3467809 0.2011043
2.183381 1.643553 2.543529 9.457226 17.19104 7.765731 12.62235 1.795295 2.410927 1.805774 3.769877 2.734064 8.868409 2.885809 2.577096 18.66531 4.168992 2.85316 3.103332 6.520077 8.058533 4.903016 11.38708 21.6721 2.287991 3.005583 4.523294 3.386562 7.49399 1.129389 0.8286167 1.094491 0.7638475 0.6682637 0.8170206 2.565295 2.520102 0.8810416 1.455259 1.637714 18.14495 1.671144 0.8709362 0.591165 0.8566892 0.771861 0.6127209 0.6540644 0.9469473 9.892966 14.14747 1.12067 3.045924 8.174689 0.7739882 0.944515 0.8051443 0.7597013 0.6970074 0.3508469 0.3354548 0.3091925 0.2626334 0.2517241 0.301134 0.2666455 0.2662612 1.469688 0.5352014 1.313548 0.144176
2.680372 12.77366 1.855841 3.586441 3.593117 5.32847 2.993525 2.266369 2.230596 1.737851 2.312183 6.265656 9.250515 3.626399 1.896689 6.075966 24.65045 23.21917 3.018979 3.035214 1.785365 2.141322 11.63205 4.603071 1.29504 5.23619 6.789023 1.588379 1.010732 1.623914 6.521676 1.710872 0.6739467 0.6279997 0.8511954 1.46898 3.389543 1.587524 0.4576795 0.3458243 0.4997516 0.6675062 0.4811457 0.5729731 0.8271247 1.308941 1.031933 0.7918242 1.825237 1.376357 17.84818 2.240005 0.9343906 7.097143 14.82231 1.763402 0.907738 0.9177697 9.885279 0.4965672 0.2652333 0.2583874 0.1953665 0.1388498 0.1495828 0.2171083 0.2549895 0.3696356 0.5110262 1.616622 2.578118
