manual/examples/resources/data/gpw/gpw_v4_basic_demographic_characteristics_rev10_a000_014bt_2010_cntm_1_deg.asc
ncols         360
nrows         145
xllcorner     -180
yllcorner     -60
cellsize      0.99999999999994
NODATA_value  -9999
[rows 0 to 31 of 145, columns 284 to 354 of 360]
-9999 -9999 -9999 -9999 -9999 -9999 -9999 -9999 -9999 -9999 -9999 -9999 -9999 -9999 -9999 -9999 -9999 -9999 -9999 -9999 -9999 -9999 -9999 -9999 -9999 -9999 -9999 -9999 -9999 -9999 -9999 -9999 -9999 -9999 -9999 -9999 -9999 -9999 -9999 -9999 -9999 -9999 -9999 -9999 -9999 -9999 -9999 -9999 -9999 -9999 -9999 -9999 -9999 -9999 -9999 -9999 -9999 -9999 -9999 -9999 -9999 -9999 -9999 -9999 -9999 -9999 -9999 -9999 -9999 -9999 -9999
-9999 -9999 -9999 -9999 -9999 -9999 -9999 -9999 -9999 -9999 -9999 -9999 -9999 -9999 -9999 -9999 -9999 -9999 -9999 -9999 -9999 -9999 -9999 -9999 -9999 -9999 -9999 -9999 -9999 -9999 -9999 -9999 -9999 -9999 -9999 -9999 -9999 -9999 -9999 -9999 -9999 -9999 -9999 -9999 -9999 -9999 -9999 -9999 -9999 -9999 -9999 -9999 -9999 -9999 -9999 -9999 -9999 -9999 -9999 -9999 -9999 -9999 -9999 -9999 -9999 -9999 -9999 -9999 -9999 -9999 -9999
-9999 -9999 -9999 -9999 -9999 -9999 -9999 -9999 -9999 -9999 -9999 -9999 -9999 -9999 -9999 -9999 -9999 -9999 -9999 -9999 -9999 -9999 -9999 -9999 -9999 -9999 -9999 -9999 -9999 -9999 -9999 -9999 -9999 -9999 -9999 -9999 -9999 -9999 -9999 -9999 -9999 -9999 -9999 -9999 -9999 -9999 -9999 -9999 -9999 -9999 -9999 -9999 -9999 -9999 -9999 -9999 -9999 -9999 -9999 -9999 -9999 -9999 -9999 -9999 -9999 -9999 -9999 -9999 -9999 -9999 -9999
-9999 -9999 -9999 -9999 -9999 -9999 -9999 -9999 -9999 -9999 -9999 -9999 -9999 -9999 -9999 -9999 -9999 -9999 -9999 -9999 -9999 -9999 -9999 -9999 -9999 -9999 -9999 -9999 -9999 -9999 -9999 -9999 -9999 -9999 -9999 -9999 -9999 -9999 -9999 -9999 -9999 -9999 -9999 -9999 -9999 -9999 -9999 -9999 -9999 -9999 -9999 -9999 -9999 -9999 -9999 -9999 -9999 -9999 -9999 -9999 -9999 -9999 -9999 -9999 -9999 -9999 -9999 -9999 -9999 -9999 -9999
-9999 -9999 -9999 -9999 -9999 -9999 -9999 -9999 -9999 -9999 -9999 -9999 -9999 -9999 -9999 -9999 -9999 -9999 -9999 -9999 -9999 -9999 -9999 -9999 -9999 -9999 -9999 -9999 -9999 -9999 -9999 -9999 -9999 -9999 -9999 -9999 -9999 -9999 -9999 -9999 -9999 -9999 -9999 -9999 -9999 -9999 -9999 -9999 -9999 -9999 -9999 -9999 -9999 -9999 -9999 -9999 -9999 -9999 -9999 -9999 -9999 -9999 -9999 -9999 -9999 -9999 -9999 -9999 -9999 -9999 -9999
0.1530658 -9999 -9999 -9999 -9999 -9999 -9999 -9999 -9999 -9999 -9999 -9999 -9999 -9999 -9999 -9999 -9999 -9999 -9999 -9999 -9999 -9999 -9999 -9999 -9999 -9999 -9999 -9999 -9999 -9999 -9999 -9999 -9999 -9999 -9999 -9999 -9999 -9999 -9999 -9999 -9999 -9999 -9999 -9999 -9999 -9999 -9999 -9999 -9999 -9999 -9999 -9999 -9999 -9999 -9999 -9999 -9999 -9999 -9999 -9999 -9999 -9999 -9999 -9999 -9999 -9999 -9999 -9999 -9999 -9999 -9999
7.194014 1.407035 1.321879 1.232748 -9999 -9999 -9999 -9999 -9999 -9999 -9999 -9999 -9999 -9999 -9999 -9999 -9999 -9999 -9999 -9999 -9999 -9999 -9999 -9999 -9999 -9999 -9999 -9999 -9999 -9999 -9999 -9999 -9999 -9999 -9999 -9999 -9999 -9999 -9999 -9999 -9999 -9999 -9999 -9999 -9999 -9999 -9999 -9999 -9999 -9999 -9999 -9999 -9999 -9999 -9999 -9999 -9999 -9999 -9999 -9999 -9999 -9999 -9999 -9999 -9999 -9999 -9999 -9999 -9999 -9999 -9999
12.05859 6.815238 1.280235 0.7179475 0.01526744 -9999 -9999 -9999 -9999 -9999 -9999 -9999 -9999 -9999 -9999 -9999 -9999 -9999 -9999 -9999 -9999 -9999 -9999 -9999 -9999 -9999 -9999 -9999 -9999 -9999 -9999 -9999 -9999 -9999 -9999 -9999 -9999 -9999 -9999 -9999 -9999 -9999 -9999 -9999 -9999 -9999 -9999 -9999 -9999 -9999 -9999 -9999 0.01824445 -9999 -9999 -9999 -9999 -9999 -9999 -9999 -9999 -9999 -9999 -9999 -9999 -9999 -9999 -9999 -9999 -9999 -9999
19.83128 20.34856 18.92474 12.11886 14.57924 14.61648 14.4863 13.22619 8.659051 2.510677 -9999 -9999 -9999 -9999 -9999 -9999 -9999 -9999 -9999 -9999 -9999 -9999 -9999 -9999 -9999 -9999 -9999 -9999 -9999 -9999 -9999 -9999 -9999 0.0127988 4.651167 1.850763 0.02662767 2.893109 0.1259964 -9999 -9999 -9999 -9999 -9999 0.4983214 0.4643316 -9999 -9999 0.4236772 -9999 -9999 -9999 0.3350517 -9999 0.04555297 -9999 -9999 -9999 -9999 -9999 -9999 -9999 -9999 -9999 -9999 -9999 -9999 -9999 -9999 -9999 -9999
20.7557 21.82911 21.75669 21.9008 22.2016 22.10765 22.06421 22.02407 19.47143 11.44675 -9999 -9999 -9999 -9999 -9999 -9999 -9999 -9999 -9999 -9999 -9999 -9999 -9999 -9999 -9999 -9999 -9999 -9999 -9999 -9999 -9999 5.937005 0.8756946 27.18161 39.42361 38.51408 28.90642 37.73576 21.31919 29.43916 22.23747 1.195448 5.338648 8.140097 6.361856 5.158537 2.733851 -9999 0.004201833 -9999 -9999 -9999 -9999 -9999 -9999 -9999 -9999 -9999 -9999 -9999 -9999 -9999 -9999 -9999 -9999 -9999 -9999 -9999 -9999 -9999 -9999
16.90292 20.7068 21.65003 18.53838 22.26386 19.70979 12.35194 11.00717 21.55836 4.908196 -9999 0.04416219 0.09287865 -9999 -9999 -9999 0.01228145 -9999 -9999 -9999 -9999 -9999 -9999 -9999 -9999 -9999 -9999 -9999 -9999 -9999 -9999 2.234693 0.5508524 0.6950535 10.77996 8.843174 14.70466 3.390212 5.369139 2.753126 -9999 -9999 -9999 0.9449781 5.311583 5.409194 2.544105 -9999 -9999 -9999 -9999 -9999 -9999 -9999 -9999 -9999 -9999 -9999 -9999 -9999 -9999 -9999 -9999 -9999 -9999 -9999 -9999 -9999 -9999 -9999 -9999
23.73557 23.62206 17.73045 12.85549 10.9718 10.90294 26.42721 39.33693 36.49762 26.39797 27.4315 34.15323 33.38233 27.95345 16.15563 3.601851 1.418897 -9999 1.288721 11.76284 24.71946 16.66792 13.73613 15.71279 8.359544 1.108502 -9999 -9999 -9999 -9999 -9999 0.02060488 1.083667 -9999 -9999 0.6484746 6.569736 24.08399 26.22366 10.10607 -9999 -9999 -9999 -9999 -9999 -9999 -9999 -9999 -9999 -9999 -9999 -9999 -9999 -9999 -9999 -9999 -9999 -9999 -9999 -9999 -9999 -9999 -9999 -9999 -9999 -9999 -9999 -9999 -9999 -9999 -9999
22.57385 22.64615 23.95924 24.89039 25.72138 23.81657 27.711 43.73419 45.38874 48.12495 52.23922 51.35053 45.85665 41.5792 41.6693 37.53102 33.36702 40.36034 39.20644 38.7548 40.34082 36.9914 31.85063 32.54113 26.76278 10.19504 -9999 -9999 -9999 -9999 -9999 -9999 -9999 -9999 -9999 9.929127 21.38096 32.8925 29.95141 28.33786 19.34626 8.091604 5.717278 8.084637 6.927722 1.62208 -9999 -9999 -9999 -9999 -9999 -9999 -9999 -9999 -9999 -9999 -9999 -9999 -9999 -9999 -9999 -9999 -9999 -9999 -9999 -9999 -9999 -9999 -9999 -9999 -9999
28.24208 28.2423 28.15753 28.17767 28.15594 28.06837 27.92548 27.00839 14.1547 30.8935 52.82115 26.72103 12.03384 10.91274 10.77816 10.97634 11.03309 21.93582 43.5553 45.02357 45.70467 45.56322 45.56818 41.49762 41.51715 16.68902 0.6063486 1.252094 30.98683 22.43153 17.15324 20.98979 19.59336 14.6275 19.12415 23.11007 42.9962 43.82219 37.26792 23.66125 23.28681 19.26078 22.4577 22.9259 22.90696 15.99759 10.4485 5.719089 0.09919086 -9999 0.05382791 2.67926 4.210807 2.896586 0.06284998 -9999 -9999 -9999 -9999 -9999 -9999 -9999 -9999 -9999 -9999 -9999 -9999 -9999 -9999 -9999 -9999
29.68552 29.67285 29.70811 29.69777 29.71297 26.01138 17.22721 13.39762 11.79592 19.10296 17.53025 11.88201 11.80671 11.79171 11.70935 11.62563 24.54674 35.22996 47.18153 48.06127 47.79655 44.77907 45.17396 46.21748 48.18719 47.10774 43.50253 38.63725 47.54636 49.00664 51.70771 48.4329 45.29192 43.2795 44.72614 47.99291 48.53853 34.38813 25.61398 25.36093 24.82955 24.4555 21.7494 22.5734 25.90607 26.89073 24.14314 23.04605 35.52313 43.10857 48.66839 55.61189 55.46834 53.89248 41.4811 31.11654 2.087491 0.6886044 0.1956711 -9999 -9999 -9999 -9999 -9999 0.2087488 -9999 3.427212 3.328769 -9999 -9999 -9999
24.34544 24.5262 21.50599 19.26239 15.67203 14.09629 12.41597 12.42305 12.42801 12.44146 12.35074 12.40006 12.34933 12.35279 12.1673 16.45388 41.41353 43.83421 49.28763 49.41877 42.31713 46.25939 50.23497 49.92647 49.71673 50.27269 50.18865 49.70052 57.36029 79.70677 83.40108 81.25345 74.97033 56.81586 54.24016 55.11598 54.59732 53.74295 50.39775 50.48061 44.42159 41.35047 33.41732 34.89188 43.9178 49.27883 51.00346 50.02724 51.85336 54.47889 53.15495 49.82412 50.22338 50.39913 45.08072 38.36065 26.15667 25.44102 32.8806 28.77069 26.11344 23.75098 20.44976 45.83865 51.66697 12.56814 25.227 85.50465 81.80483 59.78765 35.54212
15.17653 15.40051 15.28943 12.72838 12.92888 12.97278 12.94227 12.90858 12.82322 12.89936 12.78985 12.78378 12.98456 12.71831 13.55824 17.43485 29.71461 31.74718 31.56099 29.32044 31.45681 34.01184 40.62082 53.55032 54.20872 54.47379 54.85698 54.97142 60.28524 88.77879 90.23187 92.89426 93.1895 93.07867 68.94135 57.19734 57.74807 64.61485 63.01795 59.23169 58.6573 57.41244 59.51631 64.50059 65.39258 61.64741 56.66829 49.20775 55.51791 56.66647 49.24244 48.17988 52.28561 56.75855 53.9137 46.9437 44.02891 48.08569 53.10033 43.3526 43.59302 43.73766 43.75235 71.5149 90.65822 79.70171 72.75888 84.73196 90.22436 81.34903 39.48862
16.32682 16.38305 15.43863 13.53858 13.55425 13.5146 13.4808 13.50332 13.52834 13.53942 13.56215 13.56917 13.4011 17.36922 29.66772 33.28545 33.2477 33.38226 32.32597 27.45946 31.16062 32.4722 35.35493 51.0632 57.06567 57.26864 60.58136 78.1781 91.22267 96.86086 96.23619 94.74029 95.82366 96.59566 87.46708 52.15068 47.19598 54.88868 58.32037 64.70961 63.95284 59.37278 58.1535 61.77122 71.78756 74.36922 71.55701 63.30173 63.8387 64.63588 63.94447 64.18965 69.56 71.3263 49.25196 45.25275 45.43642 44.21693 44.49297 45.70602 45.64329 45.50533 45.57385 47.61755 59.73702 66.84788 79.99147 67.58133 43.45569 35.64331 34.64367
16.82688 16.88076 189.3956 246.4448 346.88 177.2852 242.092 316.5983 311.5716 69.35978 14.11104 14.15582 14.14112 14.02179 225.31 433.9525 154.7904 32.58008 33.38465 28.80809 32.47135 34.55783 35.56659 97.82663 105.1377 103.2868 105.857 101.0444 100.947 101.7724 101.654 101.6772 102.6492 101.3358 101.175 94.12197 53.75032 46.75924 46.6173 46.52636 52.38905 46.97633 46.34707 57.1958 69.88482 72.634 68.12236 70.17067 73.47311 76.43271 71.08772 69.76958 72.63648 74.93004 59.59815 45.8497 47.45256 47.62689 47.49921 47.16836 47.3975 47.35141 45.16919 44.25994 42.0298 37.71826 36.29417 35.18435 35.31172 34.07268 34.143
17.31573 18.15109 277.7422 524.2858 522.3192 522.5528 521.2596 521.4282 377.5985 36.08761 14.69378 51.69874 68.72023 302.7899 563.4697 547.984 441.2957 144.9717 36.41095 34.48661 27.57065 73.48267 94.54057 139.1877 148.3228 148.556 146.5547 130.8866 106.4683 108.4059 111.789 114.7055 117.8356 116.5884 115.9779 116.3482 96.49038 83.68987 72.85857 56.31755 49.24037 48.39802 47.91964 53.46554 69.87581 81.10091 75.56272 73.38186 77.2653 51.43262 32.28546 28.69185 29.04906 30.79623 27.39273 32.21403 41.61128 47.13741 49.40875 49.21918 49.12828 44.60194 36.52409 36.52752 36.49142 36.62144 36.47523 34.25682 35.50521 34.60629 36.35915
18.42356 56.23322 295.8632 390.635 459.1618 541.2911 545.7693 543.4932 543.7447 480.8742 391.9074 556.3198 559.3942 567.1485 565.0798 591.2037 535.8489 528.5037 473.1837 413.7501 380.7551 138.6923 136.8469 151.1607 154.3929 154.3967 153.9063 154.0118 136.5808 121.6907 122.2409 122.0934 122.0899 122.1967 121.5673 121.9218 126.4674 128.332 127.5518 128.0914 112.5903 85.45479 69.28646 59.1047 104.7395 119.8387 106.5904 88.758 48.34821 29.67714 29.26971 32.84614 45.73994 71.8883 35.5778 22.15953 22.13163 23.15681 29.68925 23.91721 23.08127 23.76281 26.29396 28.79384 33.25516 37.82257 36.11838 36.10719 38.18158 37.00136 32.10497
19.01554 18.95558 22.28486 26.17334 140.7242 440.6798 533.3652 520.6068 553.5123 556.1709 528.9432 550.7637 573.3102 574.8868 560.1832 593.4047 604.3027 587.5237 560.343 467.3999 257.5309 197.0506 173.0589 195.1339 781.585 1191.234 994.2145 1035.574 855.6808 464.781 136.7111 126.3942 125.8847 126.3028 126.6799 127.6123 130.6192 132.4226 132.8621 133.0358 133.3451 150.6788 168.9755 166.0094 206.888 227.179 226.9668 81.41041 30.73459 30.54419 30.89221 72.25915 79.87355 74.41387 36.38534 22.95398 22.92086 22.99893 21.85909 18.13664 18.12535 18.09243 18.04808 17.17305 19.86301 34.08991 39.15316 39.17748 39.30781 39.19935 39.33314
19.87012 19.81854 24.01632 27.69946 27.17075 214.9193 570.9792 485.3363 564.833 582.7017 561.111 544.0178 543.0576 530.5048 557.2338 575.202 635.4048 655.3051 505.114 396.8327 403.749 352.5733 319.7652 328.7132 17927.33 33072.07 2366.211 1834.386 1599.573 1144.909 696.493 286.1587 130.1063 128.3562 123.4789 122.6344 100.1684 112.9703 134.6369 132.185 135.5281 164.333 165.3592 160.3239 185.4306 285.9405 294.196 261.7897 62.72304 41.42858 56.27635 82.20852 81.16356 46.66129 23.69756 23.77456 23.41414 23.40088 21.32783 10.09161 13.26118 18.01548 17.9295 18.23879 18.83067 24.44888 46.83128 49.26732 50.68461 52.19153 42.44346
21.08121 25.18927 28.60977 28.5323 28.4838 135.4761 541.902 605.4556 610.0986 640.7859 652.0313 641.9802 630.5685 577.369 460.7183 284.5646 289.0052 336.7903 334.5524 251.3191 478.1815 910.7146 1051.362 1395.818 4369.949 15629.66 3136.857 1796.727 1450.954 1407.26 962.9031 336.2432 122.4895 120.5134 105.5293 77.25444 44.77868 44.96101 49.55634 48.12068 57.27298 46.24821 88.68166 142.3992 142.3669 145.273 235.7909 377.1637 378.9727 166.975 86.45838 92.85722 63.4685 9.779906 4.5573 5.159784 20.70208 20.24443 8.838327 3.40345 18.12113 22.55939 33.40515 42.24647 54.33403 62.9548 67.1549 67.05485 55.25856 27.21384 8.304208
23.45538 28.48479 29.60308 29.37989 29.59181 99.22461 617.8238 689.2505 690.6442 687.9825 645.4688 479.6738 521.7954 338.8557 223.6759 219.7205 217.2847 219.1633 220.6211 220.5196 305.5111 731.1805 369.7397 320.4425 501.652 994.2336 1264.85 776.988 459.1989 143.3841 117.1245 118.4128 121.0314 120.5625 68.0128 46.36893 45.58175 46.29948 45.966 46.38668 46.43885 60.29155 108.9781 134.927 136.9023 139.3161 210.0081 300.4968 192.6048 133.6211 117.6053 55.12679 0.3023691 -9999 -9999 0.2361775 4.86489 7.633278 59.09193 77.79102 61.86011 56.42028 56.13315 39.12964 29.31509 38.23409 53.40708 20.15551 1.474661 -9999 -9999
22.19551 28.97835 30.47001 30.48147 30.41693 384.0446 641.5686 561.7208 557.3124 480.0224 315.2989 283.1241 282.7306 260.2666 248.6944 226.6573 229.1293 227.6323 239.651 302 353.194 372.004 374.4129 374.0499 373.9842 455.8592 468.2284 324.6611 127.0611 95.42463 102.5776 82.96513 79.83097 69.07629 51.55657 48.08886 48.09473 48.06829 38.59171 30.04543 29.18168 29.61382 33.30564 84.39317 88.44361 42.17393 14169.3 2141.51 132.9051 116.652 63.24765 5.834 -9999 -9999 -9999 452.466 88.92404 71.55312 102.5189 32.60262 13.81671 1.675816 3.974139 -9999 -9999 -9999 1.05205 -9999 -9999 -9999 -9999
330.8378 71.3692 289.8592 308.577 307.0997 521.0117 455.093 286.3004 152.901 180.492 291.4866 290.622 289.8168 271.3636 259.1369 237.1633 237.3429 235.9515 259.2947 571.0326 569.7929 385.1928 384.93 383.0249 382.4595 383.568 380.2689 354.0712 119.0059 13.11994 12.9819 13.12283 13.13806 13.12474 29.51365 44.36176 43.33036 18.21091 0.01709021 -9999 -9999 -9999 -9999 -9999 -9999 -9999 0.04384185 13.97254 6.195547 -9999 -9999 -9999 -9999 0.08906011 11.87835 49.74854 70.16884 100.3595 34.18845 9.848755 12.56946 -9999 -9999 -9999 -9999 -9999 -9999 -9999 -9999 -9999 -9999
2101.861 1484.649 1824.757 787.4641 598.1976 557.995 467.7255 156.1036 151.1151 248.51 297.6448 377.5829 312.3784 242.2831 205.7142 317.0461 504.8121 486.1815 528.3008 1211.673 1013.346 917.1497 733.734 435.1886 407.9075 425.9447 397.8361 300.7661 15.19015 13.52685 13.5266 13.42014 13.49316 13.53129 13.3427 8.920369 1.834791 -9999 -9999 -9999 -9999 -9999 -9999 -9999 -9999 -9999 -9999 -9999 -9999 -9999 -9999 -9999 7.806821 61.36377 70.24316 72.61532 187.1944 190.2633 143.656 8.162303 -9999 -9999 -9999 -9999 -9999 -9999 -9999 -9999 -9999 -9999 -9999
2963.182 1887.431 1825.539 679.1785 642.2764 470.2703 390.0378 367.2857 399.783 573.6973 719.9313 658.592 230.9313 219.1711 212.6398 233.4294 234.8067 343.1271 605.584 813.7181 1192.31 1253.165 1256.603 1250.373 1234.574 1253.317 1159.451 494.3367 13.88074 13.86666 13.88749 13.88193 13.90626 12.38949 2.834663 -9999 -9999 -9999 -9999 0.04729841 -9999 -9999 -9999 -9999 -9999 -9999 -9999 -9999 -9999 -9999 -9999 8.018761 66.48955 82.17697 101.5379 210.6482 318.351 318.254 236.3862 58.23703 -9999 -9999 -9999 -9999 -9999 -9999 -9999 -9999 -9999 -9999 -9999
939.028 879.1655 750.4166 705.439 634.1594 5199.873 502.9293 925.7695 360.7367 456.0301 388.3503 342.3327 286.2043 280.6593 183.6051 97.70314 57.37559 104.2881 228.4625 229.2605 6476.271 410.5001 624.6177 578.4279 661.1624 526.2808 485.2005 164.5185 106.9907 21.13888 20.99014 18.26918 7.257363 2.712901 0.3367244 -9999 -9999 -9999 -9999 -9999 -9999 -9999 -9999 -9999 -9999 -9999 -9999 -9999 -9999 -9999 -9999 51.47528 111.7644 109.9644 255.3656 442.6882 537.8049 386.4847 0.6517434 -9999 -9999 8.657997 44.50768 -9999 -9999 -9999 -9999 -9999 -9999 -9999 -9999
629.5677 599.5292 688.3776 710.3724 460.5035 256.9993 1487.278 1065.514 217.6078 220.8671 220.6763 259.4678 293.0442 308.7448 115.9626 104.8112 375.2032 679.8876 657.3116 897.5896 287.6137 271.206 239.4698 195.471 212.6794 240.2852 213.311 89.7136 25.41962 24.77907 24.654 17.97072 12.61732 7.019794 1.918195 231.3844 36.7193 -9999 332.1658 -9999 -9999 -9999 -9999 -9999 -9999 -9999 -9999 -9999 -9999 -9999 -9999 38.439 145.6882 315.4788 731.7079 1422.236 1026.056 827.1517 45.71827 -9999 -9999 -9999 37.76281 17.30152 0.7203153 -9999 -9999 -9999 -9999 -9999 -9999
5497.193 3802.908 1122.292 618.3372 807.7081 2627.517 2397.339 597.0598 630.6047 659.3114 423.9526 353.7991 680.4268 2030.429 1786.773 1566.513 1328.544 1145.71 3799.852 1475.062 1588.863 1639.059 870.0242 4502.757 252.4908 363.4759 266.6066 166.6502 94.03813 156.8907 156.6588 25.52259 37.24912 36.48308 352.2524 1392.75 1468.299 429.7725 1355.501 144.4047 -9999 -9999 -9999 -9999 -9999 -9999 -9999 -9999 -9999 -9999 -9999 2.976867 316.2352 1538.467 24456.59 1383.687 9.916384 -9999 -9999 -9999 -9999 -9999 -9999 -9999 -9999 -9999 -9999 -9999 -9999 -9999 -9999
