manual/examples/resources/data/gpw/gpw_v4_basic_demographic_characteristics_rev10_a000_014bt_2010_dens_1_deg.asc
ncols         360
nrows         145
xllcorner     -180
yllcorner     -60
cellsize      0.99999999999994
NODATA_value  -9999
[rows 32 to 63 of 145, columns 142 to 212 of 360]
-9999 -9999 -9999 -9999 -9999 -9999 -9999 -9999 -9999 -9999 -9999 -9999 -9999 -9999 -9999 -9999 -9999 -9999 -9999 -9999 -9999 -9999 -9999 -9999 -9999 -9999 -9999 3.374259 7.171275 11.05788 10.16984 13.45973 8.026773 8.009692 4.42887 52.50603 122.1001 47.09178 23.84531 35.83151 -9999 -9999 203.7486 92.67897 45.56787 26.34978 34.19411 33.75908 23.85271 10.66165 7.895483 75.04463 7.675512 10.26685 23.96482 17.59073 16.67515 15.30233 33.60282 36.42174 9.798395 11.99263 4.615566 4.221658 6.402124 5.062569 2.549412 5.350108 10.46344 7.82132 4.219244
-9999 -9999 -9999 -9999 -9999 -9999 -9999 -9999 -9999 -9999 -9999 -9999 -9999 -9999 -9999 -9999 -9999 -9999 -9999 -9999 -9999 -9999 -9999 -9999 -9999 -9999 -9999 2.452065 3.463563 31.34316 13.95677 -9999 10.50529 22.79193 55.39422 52.65188 36.19833 253.6057 127.9135 81.07449 73.11818 55.47971 112.7534 77.09891 99.88442 98.93575 31.36056 21.4748 14.15977 15.62555 22.92859 18.7368 12.57118 14.39105 22.47386 20.70223 14.36861 28.51199 13.5265 18.38706 20.09389 6.623247 7.009863 6.468591 6.802697 3.450283 2.981307 2.208926 2.405723 8.747557 2.955877
-9999 -9999 -9999 -9999 -9999 -9999 -9999 -9999 -9999 -9999 -9999 -9999 -9999 -9999 -9999 -9999 -9999 -9999 -9999 -9999 -9999 -9999 -9999 -9999 -9999 -9999 -9999 -9999 -9999 -9999 -9999 -9999 36.64758 22.85926 25.31773 23.74125 118.2983 89.85126 57.87405 29.74258 41.00521 80.98392 86.43101 43.71953 40.70375 48.73546 62.60715 17.40316 15.98398 16.3167 24.72297 17.99726 40.10972 20.42511 17.87665 14.11151 43.35258 43.65985 22.57801 21.12258 17.03817 10.69217 12.0217 15.09958 16.44054 7.194266 11.81879 6.003134 67.89694 5.977486 4.644561
-9999 -9999 -9999 -9999 -9999 -9999 -9999 -9999 -9999 -9999 -9999 -9999 -9999 -9999 -9999 -9999 -9999 -9999 -9999 -9999 -9999 -9999 -9999 -9999 -9999 -9999 -9999 -9999 -9999 -9999 -9999 19.79627 11.49083 -9999 -9999 114.3033 17.34885 32.43677 27.16049 29.119 42.94509 16.06 13.10394 13.95492 38.52153 24.27559 66.22572 27.59077 21.46146 26.08713 12.4675 11.58247 13.87877 11.52488 20.75389 20.55275 38.24659 27.05916 27.85546 19.10507 11.02253 23.04412 21.37981 13.94594 9.829129 8.559515 16.27963 5.461821 10.09289 7.759147 10.39007
-9999 -9999 -9999 -9999 -9999 -9999 -9999 -9999 -9999 -9999 -9999 -9999 -9999 -9999 -9999 -9999 -9999 -9999 -9999 -9999 -9999 -9999 -9999 -9999 -9999 -9999 -9999 -9999 -9999 -9999 -9999 -9999 4.175999 31.32384 9.952987 17.01455 25.755 10.73182 10.66522 25.36183 246.346 10.60529 9.271358 6.379791 18.03123 39.06157 37.27184 60.16874 28.59794 53.06478 19.12097 15.06089 19.82184 9.359776 44.99424 23.69356 14.83358 10.71543 16.49736 20.35549 19.554 14.37105 17.20775 18.76817 14.26434 10.62137 8.641511 7.085404 7.26296 4.34434 7.873899
-9999 -9999 -9999 -9999 -9999 -9999 -9999 -9999 -9999 -9999 -9999 -9999 -9999 -9999 -9999 -9999 -9999 -9999 -9999 -9999 -9999 -9999 -9999 -9999 -9999 -9999 -9999 -9999 -9999 -9999 -9999 -9999 -9999 33.73418 28.30101 23.73969 29.54022 19.82121 18.06977 14.57742 9.682824 6.114805 4.462718 12.50287 18.3776 44.40715 58.11882 34.87178 12.15654 15.82178 12.69988 11.05724 4.613212 12.15821 14.4336 12.11041 24.62913 43.9507 10.83094 18.1153 13.22715 13.18278 9.421579 8.180914 21.30059 23.00158 26.08516 10.81612 3.476903 4.525555 3.707634
-9999 -9999 -9999 -9999 -9999 -9999 -9999 -9999 -9999 -9999 -9999 -9999 -9999 -9999 -9999 -9999 -9999 -9999 -9999 -9999 -9999 -9999 -9999 -9999 -9999 -9999 -9999 -9999 -9999 -9999 -9999 -9999 -9999 -9999 -9999 17.48183 21.73574 11.81014 9.124925 5.218943 4.64275 6.934562 15.32002 11.67186 42.16731 19.56145 7.589978 6.866255 3.522606 14.71561 5.568986 8.69504 17.37438 16.21745 13.16369 8.389993 12.18944 10.55478 10.89211 11.4703 4.354674 13.02278 14.07767 7.684559 16.74204 14.80111 19.36964 17.27563 37.27381 9.446582 20.64625
-9999 -9999 -9999 -9999 -9999 -9999 -9999 -9999 -9999 -9999 -9999 -9999 -9999 -9999 -9999 -9999 -9999 -9999 -9999 -9999 -9999 -9999 -9999 -9999 -9999 -9999 -9999 -9999 -9999 -9999 -9999 -9999 -9999 -9999 -9999 -9999 10.70122 11.57862 8.772197 9.79529 2.701407 13.12381 57.36617 35.40076 11.42466 31.14352 39.651 106.2295 36.86639 42.64744 52.16506 21.29882 8.831604 17.20342 14.76264 7.672033 12.24349 15.47783 9.490908 11.32001 6.024742 8.926604 11.44357 17.16421 10.95156 15.99665 14.99985 5.027054 5.525972 -9999 3.51561
-9999 -9999 -9999 -9999 -9999 -9999 -9999 -9999 -9999 -9999 -9999 -9999 -9999 -9999 -9999 -9999 -9999 -9999 -9999 -9999 -9999 -9999 -9999 -9999 -9999 -9999 -9999 -9999 -9999 -9999 -9999 -9999 -9999 -9999 -9999 -9999 9.978044 22.98555 9.256506 6.5659 6.002175 2.962158 17.71747 5.089189 3.345196 13.91923 26.58141 11.54411 27.28991 24.97611 34.5902 32.09098 3.360908 4.77376 5.288201 13.15785 16.04049 12.22303 37.20737 6.575324 6.775884 12.80134 14.36479 19.91501 41.33142 7.989493 14.96482 0.5080971 -9999 -9999 -9999
-9999 -9999 -9999 -9999 -9999 -9999 -9999 -9999 -9999 -9999 -9999 -9999 -9999 -9999 -9999 -9999 -9999 -9999 -9999 -9999 -9999 -9999 -9999 -9999 -9999 -9999 -9999 -9999 5.082454 23.46622 3.72927 2.329999 20.64396 5.79582 25.73564 53.2054 19.31292 11.12618 6.731704 29.03169 10.02318 28.62306 36.69334 60.96293 18.87076 68.47032 52.95722 1.491956 31.64805 24.34863 15.49065 29.09166 -9999 8.048424 12.79382 9.501442 10.15703 5.350699 11.82316 14.88319 4.261407 6.573632 7.91757 7.677836 7.877016 11.48376 7.685231 -9999 -9999 -9999 -9999
-9999 -9999 -9999 -9999 -9999 -9999 -9999 -9999 -9999 -9999 -9999 -9999 -9999 -9999 -9999 -9999 -9999 -9999 -9999 -9999 -9999 -9999 -9999 -9999 -9999 -9999 -9999 -9999 12.95838 20.93478 4.121622 2.218845 4.188899 1.253049 3.906837 10.45185 10.14806 1.80698 1.386216 3.990202 12.49592 22.37072 -9999 -9999 63.00512 -9999 2.562511 5.741758 13.59807 6.732624 16.73187 11.11679 34.4885 19.80269 6.288596 4.462991 8.084723 12.3485 33.89967 32.87932 4.427398 23.03715 12.53428 8.360596 6.378674 8.685208 2.773597 -9999 -9999 -9999 -9999
-9999 -9999 -9999 -9999 -9999 -9999 -9999 -9999 -9999 -9999 -9999 -9999 -9999 -9999 -9999 -9999 -9999 -9999 -9999 -9999 -9999 -9999 -9999 -9999 -9999 -9999 -9999 -9999 -9999 63.69966 5.341135 1.243283 2.297283 8.906219 1.256582 1.070658 5.671536 9.741214 7.012152 35.98813 166.2971 46.44276 -9999 -9999 -9999 -9999 12.60018 3.609943 -9999 0.5045933 146.4417 17.94897 18.98882 13.42004 65.66087 61.04191 -9999 52.84906 16.28445 15.29013 7.671203 6.108653 5.916868 6.999094 7.220839 16.59247 523.4612 380.9335 18.15035 39.1924 15.40639
-9999 -9999 -9999 -9999 -9999 -9999 -9999 -9999 -9999 -9999 -9999 -9999 -9999 -9999 -9999 -9999 -9999 -9999 -9999 -9999 -9999 -9999 -9999 -9999 -9999 -9999 -9999 -9999 -9999 21.57006 6.336729 1.586707 4.659978 9.029985 106.5949 0.8826773 1.506061 2.353179 9.38085 -9999 -9999 23.39583 6.425864 -9999 -9999 -9999 8.302152 5.364966 -9999 -9999 44.45239 183.6243 238.9923 10.20651 10.44852 35.03607 41.71946 23.11455 7.169941 5.436357 28.32446 6.988471 9.495521 9.005299 8.834197 14.11617 78.04832 156.9279 30.75262 12.54077 33.18962
-9999 -9999 -9999 -9999 -9999 -9999 3.744499 -9999 -9999 10.99597 10.3598 -9999 -9999 -9999 -9999 -9999 -9999 -9999 -9999 -9999 -9999 -9999 -9999 -9999 -9999 -9999 -9999 -9999 23.5064 12.22554 2.147175 4.321722 2.04866 4.759157 6.736976 3.134104 2.794648 51.63514 240.9793 17.22029 51.03067 18.52346 23.53021 -9999 -9999 -9999 8.714397 13.20643 -9999 -9999 -9999 -9999 -9999 11.87352 13.29156 28.66444 42.04681 23.17304 6.302607 3.792125 8.811761 6.11103 1.868088 4.256213 11.29778 17.00305 7.870998 10.39054 17.77549 2.740102 62.00969
-9999 -9999 -9999 -9999 -9999 -9999 -9999 -9999 -9999 7.01644 19.03509 -9999 -9999 -9999 -9999 -9999 -9999 -9999 -9999 -9999 -9999 -9999 -9999 -9999 -9999 -9999 -9999 -9999 228.4525 7.354328 3.788329 6.485873 2.078558 2.680805 6.016461 1.496454 10.40303 40.97047 53.45529 37.99464 -9999 -9999 -9999 -9999 -9999 -9999 2.153697 7.078202 -9999 -9999 49.32882 189.1355 23.90627 43.45824 21.72828 22.78868 -9999 -9999 8.022099 9.929477 5.432918 42.0974 4.09979 1.179781 22.57088 84.6799 14.99623 11.24961 14.60872 7.944912 12.50134
-9999 -9999 -9999 -9999 -9999 -9999 -9999 -9999 -9999 -9999 -9999 -9999 36.05122 -9999 -9999 -9999 -9999 -9999 -9999 -9999 -9999 -9999 -9999 -9999 -9999 -9999 -9999 -9999 -9999 6.496857 6.356698 17.04242 22.14468 14.43867 16.0177 2.405028 22.67165 69.42199 -9999 -9999 -9999 -9999 -9999 -9999 68.39445 14.37242 18.79644 39.92327 51.23219 28.62485 21.13278 14.75353 13.8059 68.69219 6.347074 -9999 -9999 -9999 14.76323 5.903049 5.947347 114.3571 10.12745 9.074569 8.453031 26.15069 12.84489 18.01151 20.56753 8.062975 22.45089
-9999 -9999 -9999 -9999 -9999 -9999 -9999 -9999 -9999 -9999 -9999 -9999 10.58581 -9999 -9999 -9999 -9999 -9999 -9999 -9999 -9999 -9999 -9999 -9999 -9999 -9999 -9999 -9999 -9999 -9999 3.902287 51.78612 16.40802 55.834 13.24649 36.80639 10.80591 -9999 64.23086 70.0239 115.1749 144.473 55.03589 76.91212 73.6758 50.47427 21.5181 17.8842 111.9013 64.34834 4.091375 -9999 32.97968 28.6222 -9999 -9999 -9999 -9999 -9999 3.993089 2.740232 3.056765 3.488987 6.385428 7.054339 8.084036 17.83187 10.15893 43.41652 15.11893 12.56218
-9999 -9999 -9999 -9999 -9999 -9999 -9999 -9999 -9999 -9999 -9999 -9999 -9999 -9999 -9999 -9999 -9999 -9999 -9999 -9999 -9999 -9999 -9999 -9999 -9999 -9999 -9999 -9999 -9999 -9999 -9999 88.30838 78.6161 28.1934 37.36976 95.03722 45.16729 76.45802 49.08315 27.52683 15.32669 13.8854 22.88018 32.0012 27.92988 21.98704 18.61864 16.73661 51.80418 69.24733 39.14676 -9999 223.934 -9999 -9999 -9999 -9999 -9999 -9999 -9999 -9999 5.576544 12.36828 18.70735 3.607156 2.057113 -9999 -9999 -9999 -9999 6.758766
-9999 -9999 -9999 -9999 -9999 -9999 -9999 -9999 -9999 -9999 -9999 -9999 -9999 -9999 -9999 -9999 -9999 -9999 -9999 -9999 -9999 -9999 -9999 -9999 -9999 -9999 -9999 -9999 -9999 -9999 -9999 102.485 54.94247 46.12969 11.63381 15.91672 29.69501 6.248917 8.038419 3.8776 10.91697 24.00479 6.565914 18.57534 4.421241 3.78349 9.90757 9.411117 38.25844 22.40066 -9999 -9999 -9999 -9999 -9999 -9999 -9999 -9999 -9999 -9999 -9999 0.6278279 2.112177 3.60197 0.7825399 -9999 -9999 -9999 -9999 -9999 12.08156
-9999 -9999 -9999 -9999 -9999 -9999 -9999 -9999 -9999 -9999 -9999 -9999 -9999 -9999 -9999 -9999 -9999 -9999 -9999 -9999 -9999 19.3786 -9999 -9999 -9999 -9999 -9999 -9999 -9999 69.75941 178.8134 40.09336 38.95904 13.17738 4.410398 1.09046 0.8547349 2.804409 1.950379 2.288841 6.143207 3.839152 2.050138 7.444436 17.37712 3.702658 2.328764 4.193274 18.99535 11.35312 -9999 -9999 -9999 -9999 -9999 -9999 -9999 -9999 -9999 -9999 -9999 -9999 -9999 -9999 -9999 -9999 -9999 -9999 -9999 -9999 -9999
-9999 -9999 -9999 -9999 -9999 -9999 -9999 -9999 -9999 -9999 -9999 -9999 -9999 -9999 -9999 -9999 -9999 -9999 -9999 -9999 20.01227 89.26559 -9999 -9999 -9999 -9999 -9999 -9999 72.56097 31.79389 27.06232 42.73759 10.73485 5.760133 1.742792 0.660191 1.456204 2.249164 1.377833 0.7877345 0.8361254 6.405986 6.213303 2.823012 2.892981 0.3134945 0.2451925 0.5622666 2.172031 6.96754 20.81565 63.06829 11.31832 6.107285 -9999 -9999 -9999 16.37326 11.78663 7.037993 2.562688 1.477197 0.6494295 -9999 -9999 -9999 -9999 -9999 -9999 -9999 -9999
-9999 -9999 -9999 -9999 -9999 -9999 -9999 -9999 -9999 -9999 -9999 -9999 -9999 -9999 -9999 -9999 -9999 -9999 -9999 -9999 -9999 -9999 -9999 -9999 -9999 -9999 -9999 -9999 22.37082 25.58808 46.6218 13.05326 7.830045 9.058125 1.034048 2.714592 2.899556 0.1543739 0.1262972 1.179654 0.536051 0.3971053 1.746976 1.97837 0.1443384 0.0328527 0.03285271 0.08681705 0.382047 0.672449 1.295985 3.809103 6.07257 3.33 0.6165785 0.6165785 -9999 16.37326 14.81786 7.617428 2.430835 0.759728 0.6901181 1.481157 6.275623 17.7342 5.963611 1376.635 442.5348 354.3829 155.6732
-9999 -9999 -9999 -9999 -9999 -9999 -9999 -9999 -9999 -9999 -9999 -9999 -9999 -9999 -9999 -9999 -9999 -9999 -9999 -9999 -9999 -9999 -9999 -9999 -9999 -9999 -9999 -9999 58.74999 13.8363 4.407694 6.870033 6.035449 0.220027 0.206979 0.4139562 0.2219113 0.2089598 0.2273997 0.3952208 0.3808604 0.3733562 0.2262575 0.2108503 0.1827747 0.03771422 0.04102512 0.1374946 0.4345972 0.5228241 1.295985 1.690283 2.609261 0.6165785 0.6165785 0.6165785 0.5715199 0.2979042 0.2979042 0.2979042 0.4934188 0.6335572 0.5724065 0.0006502153 -9999 0.1326789 0.7624782 22.57725 166.519 725.2054 45.64239
-9999 -9999 -9999 -9999 -9999 -9999 -9999 -9999 -9999 -9999 -9999 -9999 -9999 -9999 -9999 -9999 -9999 -9999 -9999 -9999 -9999 -9999 -9999 -9999 12.98083 -9999 -9999 18.6185 9.528341 1.530223 1.135557 0.307072 0.2246163 0.02409759 0.02680339 0.2086407 0.2515751 1.042097 0.7035772 0.7047357 0.2299456 0.2190242 0.1984898 0.1037966 0.03342091 0.03400111 0.04971595 0.172793 0.4736189 0.5193102 1.295985 1.295985 0.8388622 0.3550423 0.4118336 0.4948234 0.5011584 0.2979042 0.2979042 0.2979042 0.2979042 0.6285073 0.5884727 0.4870789 0.4208393 -9999 -9999 -9999 108.2356 191.1787 11.45863
-9999 -9999 -9999 -9999 -9999 -9999 -9999 -9999 -9999 -9999 -9999 -9999 -9999 -9999 -9999 -9999 -9999 -9999 -9999 6.957936 12.36168 60.62709 142.69 8.663658 22.71088 0.1640503 5.236368 1.577993 0.9305316 0.2553254 0.03679029 0.01429874 0.01429874 0.01762314 0.02597007 0.1105862 0.3762406 1.621635 0.6298043 0.2954395 0.2295076 0.1695153 0.0535925 0.03604677 0.03067514 0.03067514 0.0565698 0.1542264 0.2817983 0.2695728 0.2881344 0.2859321 0.2384004 0.1634972 0.1474699 0.1550501 0.2909205 0.2887367 0.2979042 0.2979042 0.2979042 0.5848868 0.6106623 -9999 0.006535703 -9999 0.8568081 0.1673669 128.0953 2.164369 0.6331803
-9999 -9999 -9999 -9999 -9999 -9999 -9999 -9999 -9999 -9999 -9999 -9999 -9999 -9999 -9999 -9999 -9999 -9999 -9999 4.589341 5.086744 129.9259 45.79669 -9999 23.4251 0.2581349 0.03406724 0.02147308 0.02254457 0.1500233 0.2189824 0.2027138 0.06740566 0.01429874 0.02679632 0.5837896 0.6339157 1.924383 0.4364612 0.3312578 0.20094 0.04425447 0.038296 0.03593322 0.03597488 0.0651648 0.1008616 0.1608958 0.1900582 0.2454563 0.2793358 0.3674161 0.9132157 1.747626 0.2707442 0.1474699 0.1474699 0.2690732 0.2928122 0.2945775 0.2949892 0.2923685 0.2877881 -9999 -9999 0.312646 0.1197519 -9999 99.78047 64.07339 0.1000141
-9999 -9999 -9999 -9999 -9999 -9999 -9999 -9999 -9999 -9999 -9999 -9999 -9999 -9999 -9999 -9999 -9999 -9999 -9999 -9999 -9999 -9999 -9999 7.378065 0.5347027 0.01551467 1.544629 0.002749892 0.002480821 0.01511733 0.09724533 0.211071 0.2315442 0.183669 0.1136262 0.2359666 0.2208371 0.140146 0.5176376 0.6867361 0.1995539 0.1730148 0.02990754 0.03595795 0.05692151 0.09914247 0.09914247 0.1146259 0.1512281 0.3579326 0.7068684 0.7228625 1.258656 0.3179278 0.1128286 0.139718 0.1357208 0.05588894 0.03765827 0.03765827 0.03765827 0.03765827 0.0376582 -9999 -9999 0.4915118 -9999 -9999 -9999 141.6986 69.18914
-9999 -9999 -9999 -9999 -9999 -9999 -9999 -9999 -9999 -9999 -9999 -9999 -9999 -9999 -9999 -9999 -9999 -9999 -9999 -9999 -9999 -9999 -9999 0.0006615468 0.003096417 0.00427375 0.01819956 0.01820771 0.01819561 0.01820694 0.01822199 0.03082974 0.105092 0.0646436 0.06236146 0.06070114 0.06066794 0.06066794 0.06066794 0.1084873 0.08644357 0.1208458 0.01760796 0.03296461 0.05260614 0.08425277 0.07066555 0.104202 0.15047 0.3020967 0.2853091 0.1172132 0.09203605 0.09203605 0.09203605 0.09203605 0.09203605 0.04692014 0.03765827 0.03765827 0.03765827 0.03765827 0.0376582 -9999 -9999 -9999 1.932267 0.4400012 2.196573 -9999 57.17054
-9999 -9999 -9999 -9999 -9999 -9999 -9999 -9999 -9999 -9999 -9999 -9999 -9999 -9999 -9999 -9999 -9999 -9999 -9999 -9999 -9999 -9999 0.01260191 0.0003268737 0.002055522 0.002482812 0.01195403 0.01195401 0.011954 0.01195398 0.01195396 0.0250973 0.03731214 0.04522544 0.06672741 0.07217359 0.06946749 0.06658416 0.06346143 0.04678975 0.01760694 0.01760694 0.01760694 0.02853869 0.03589983 0.03783283 0.0519992 0.08728355 0.1116186 0.1072215 0.09203606 0.09203606 0.09203606 0.09203606 0.09203606 0.09203606 0.09203606 0.04716027 0.03765827 0.03765827 0.03765827 0.03765827 0.0376582 -9999 -9999 -9999 -9999 -9999 0.3700248 -9999 18.85915
-9999 -9999 -9999 -9999 -9999 -9999 -9999 -9999 -9999 -9999 -9999 -9999 -9999 -9999 -9999 -9999 -9999 -9999 -9999 -9999 -9999 0.9392796 2.675992 0.002413668 0.0002156795 0.004669788 0.01195319 0.01195319 0.01195319 0.01222326 0.01388622 0.0246198 0.03731213 0.03731213 0.03799145 0.05418751 0.07189986 0.07311815 0.07311815 0.04692252 0.02917445 0.02666408 0.02897988 0.391934 0.04214974 0.02937556 0.06193592 0.05121914 0.0800725 0.07281329 0.06621934 0.08258888 0.09203546 0.08705874 0.08203647 0.09203606 0.09203606 0.04740039 0.03765827 0.03765827 0.03765827 0.03765827 0.0376582 -9999 -9999 -9999 -9999 -9999 0.1575802 -9999 4.148709
-9999 -9999 -9999 -9999 -9999 -9999 -9999 -9999 -9999 -9999 -9999 -9999 -9999 -9999 -9999 -9999 -9999 -9999 -9999 -9999 -9999 0.01539763 0.001663924 0.0038666 0.001341017 1.635776 0.01195319 0.01195859 0.01302678 0.0146162 0.01481407 0.03354359 0.03867991 0.03731214 0.03731214 0.03731214 0.04266732 0.06463389 0.07311815 0.05647486 0.0443827 0.0443827 0.06146088 0.8866708 0.4048575 0.0198301 0.0198301 0.02936114 0.08417246 0.02907619 0.02901375 0.03045681 0.04123968 0.07013162 0.04772181 0.05800285 0.0795777 0.04758862 0.03765827 0.03765827 0.03765827 0.03765827 0.0376582 0.000579252 0.0007140858 0.0008132748 0.0008361059 0.0005833117 0.0007834747 0.1819402 0.003833849
-9999 -9999 -9999 -9999 -9999 -9999 -9999 -9999 -9999 -9999 -9999 -9999 -9999 -9999 -9999 -9999 -9999 -9999 -9999 -9999 11.20563 0.05920839 0.04907231 0.07196482 0.08539582 0.07242583 0.01326199 0.01405848 0.01481408 0.01481408 0.01783234 0.04047871 0.0458484 0.03731214 0.03731214 0.03731214 0.03731214 0.04320833 0.07137498 0.1045348 0.05354774 0.04612406 0.2054593 0.9177232 0.4991108 0.04127865 0.05758715 0.09496655 0.09704802 0.02901375 0.02901375 0.02901375 0.02901375 0.06214313 0.06265423 0.04669294 0.04669294 0.04496509 0.04035096 0.03792667 0.03765827 0.03765827 0.03765842 0.1170244 0.1170254 0.1170254 0.1170254 0.1170245 0.1170254 0.1170254 0.7186001
