manual/examples/resources/data/gpw/gpw_v4_basic_demographic_characteristics_rev10_a000_014ft_2010_dens_1_deg.asc
ncols         360
nrows         145
xllcorner     -180
yllcorner     -60
cellsize      0.99999999999994
NODATA_value  -9999
[rows 64 to 95 of 145, columns 142 to 212 of 360]
-9999 -9999 -9999 -9999 -9999 -9999 -9999 -9999 -9999 -9999 -9999 -9999 -9999 -9999 -9999 -9999 -9999 -9999 -9999 -9999 137.2678 0.02629125 0.06492883 0.09211943 0.5564349 0.1429182 0.01498914 0.01477455 0.01540913 0.01604352 0.01720167 0.01909943 0.02668553 0.01785669 0.01621862 0.01621931 0.01649245 0.02609903 0.03267393 0.05992449 0.04696422 0.02296278 0.02721846 0.04008832 0.0871663 0.3023126 0.0473941 0.04737749 0.04699905 0.01463621 0.01463621 0.01463621 0.01463621 0.01892518 0.03402701 0.02523385 0.02172965 0.02174898 0.03480543 0.06110419 0.03364053 0.01844535 0.01841479 0.1078254 0.1076756 0.1075487 0.1074303 0.1073158 0.1069672 0.107026 0.3635042
-9999 -9999 -9999 -9999 -9999 -9999 -9999 -9999 -9999 -9999 -9999 -9999 -9999 -9999 -9999 -9999 -9999 -9999 -9999 -9999 -9999 0.06006765 0.04299629 0.07895247 0.1566841 0.05816769 0.1473205 0.01337267 0.01203746 0.01268614 0.01889736 0.01895339 0.02646063 0.02608314 0.01621862 0.03388974 0.05757809 0.0187526 0.08168653 0.1486301 0.07689916 0.0280673 0.05211162 0.1023459 0.336339 0.3574509 0.05544931 0.04737749 0.04706189 0.01463621 0.01463621 0.01463621 0.01463621 0.02055985 0.03235613 0.0220777 0.02172965 0.046562 0.07221917 0.07221917 0.07221917 0.05958142 0.1707596 0.1707659 0.1707659 0.3533058 0.5348659 0.5321707 2.002658 0.6178945 0.6550633
-9999 -9999 -9999 -9999 -9999 -9999 -9999 -9999 -9999 -9999 -9999 -9999 -9999 -9999 -9999 -9999 -9999 -9999 -9999 -9999 -9999 33.44502 10.95558 0.2444273 0.3016227 0.4451917 0.3567626 0.04181697 0.009131968 0.01410799 0.01895339 0.01895339 0.02535014 0.06476974 0.03145207 0.03941927 0.1222347 0.3080277 0.1825649 0.383473 0.1169369 0.02475381 0.1386136 0.1801877 0.355249 0.3251711 0.08087023 0.05231444 0.09307151 0.01463621 0.01463621 0.01463621 0.01463621 0.02267145 0.05249905 0.05814146 0.0581348 0.100696 0.07397436 0.07221917 0.07221917 0.07221917 0.1707539 0.1707659 0.1707659 0.2783401 0.3860458 0.3843319 0.4127808 1.255209 1.777456
-9999 -9999 -9999 -9999 -9999 -9999 -9999 -9999 -9999 -9999 -9999 -9999 8.755187 41.56233 -9999 -9999 -9999 -9999 -9999 -9999 -9999 1.762656 1.713558 0.7152862 1.177447 1.284328 0.6402624 0.3021075 0.1348829 0.08345037 0.01906265 0.01895339 0.02656764 0.03502555 0.1213537 0.1401186 0.6868599 0.5451979 0.3610181 0.2606386 0.04211389 0.0544545 0.1430844 0.1767068 0.2085292 0.8491919 1.603268 1.070517 0.7553223 0.03937998 0.07448206 0.09113509 0.0917405 0.07380965 0.06594284 0.06594929 0.1263025 0.2418846 0.1578277 0.07221916 0.07462135 0.07725099 0.1707544 0.1707659 0.1707659 0.2214365 0.2712097 0.3886792 0.6733829 0.9151853 2.152013
-9999 -9999 -9999 -9999 -9999 -9999 -9999 -9999 -9999 -9999 -9999 -9999 13.11396 16.32006 -9999 5.65614 -9999 -9999 -9999 -9999 -9999 8.298376 6.087985 4.875933 4.526044 3.191829 2.357991 1.548462 1.258457 1.021775 1.598655 0.2648321 0.3323523 0.6001902 5.561561 1.527761 0.7865501 3.632843 1.101764 0.3062792 0.1214007 0.08069652 0.3200206 0.9599591 0.9468326 0.2782224 0.4149655 0.2104163 0.1318641 0.1262352 0.09287416 0.09287416 0.1108229 0.2684112 0.1671179 0.07013995 0.1888911 0.2523423 0.1580105 0.07221917 0.6699788 0.8621247 0.284601 0.1707659 0.1807638 0.4732727 0.5202259 0.695917 0.7600076 7.222643 19.51287
-9999 -9999 -9999 -9999 -9999 -9999 -9999 -9999 -9999 -9999 -9999 -9999 -9999 10.11706 40.60953 1.652825 -9999 -9999 -9999 -9999 27.42618 20.83953 5.991283 2.753332 5.978338 5.29759 2.900899 3.806493 4.997213 2.580618 2.342555 1.595852 1.341171 3.246643 4.519567 1.317715 0.9850788 0.6855829 2.173034 1.488354 1.113861 1.66049 3.018354 4.837808 2.792267 1.227282 2.528406 2.532612 0.1263029 0.1261837 0.09287415 0.09727663 0.3042671 0.3708969 0.3752482 0.3675533 0.5323748 0.9235496 1.337765 1.919623 1.939197 0.895662 0.3492695 0.1707659 0.1712309 0.6831506 0.7009115 0.7843805 0.9457553 1.216645 61.48273
-9999 -9999 -9999 -9999 -9999 -9999 -9999 -9999 -9999 -9999 -9999 -9999 -9999 13.65092 19.24567 -9999 -9999 -9999 -9999 -9999 482.8262 46.07664 21.7127 3.445898 2.668839 3.820125 7.464137 4.433066 4.593996 1.757557 2.159235 2.876551 6.239192 9.057615 11.22765 5.105179 4.331331 6.473491 6.834786 8.331861 5.098881 5.273386 9.655166 20.82524 17.31953 13.51173 8.357901 8.261932 1.971258 0.8934764 1.275156 1.506617 1.148556 2.110978 0.5226597 0.5413318 1.035793 1.54813 2.798511 3.897923 3.556268 2.040333 1.03918 2.629369 1.415393 0.8508402 0.7206205 1.490095 2.311918 4.560346 21.60934
-9999 -9999 -9999 -9999 -9999 -9999 -9999 -9999 -9999 -9999 -9999 -9999 -9999 -9999 -9999 -9999 -9999 -9999 -9999 -9999 -9999 43.64438 16.73743 9.871821 5.121782 2.432305 2.232881 2.585176 3.814535 3.587952 7.742103 12.78812 11.86823 11.21156 8.947285 17.15889 17.07149 12.81541 8.191483 9.373227 29.02085 13.51707 13.72303 42.60993 25.42838 38.91791 39.48372 18.5906 5.713099 4.543799 5.732336 7.102074 4.763825 8.101163 2.974988 1.880335 1.149016 1.751199 3.842092 7.011847 9.023708 7.990595 9.82119 6.425527 1.830261 2.566529 3.350194 5.732045 7.924093 6.592457 18.31175
-9999 -9999 -9999 -9999 -9999 -9999 -9999 -9999 -9999 -9999 -9999 -9999 -9999 -9999 -9999 -9999 -9999 -9999 -9999 -9999 -9999 13.19481 11.75483 9.674087 5.166705 3.287232 2.539981 2.115757 2.948448 20.28809 34.8743 9.848439 15.8446 10.95557 10.41749 21.04974 49.13644 20.82 7.895969 4.843413 8.10359 16.38272 32.50007 26.60278 34.40003 57.94541 100.539 37.83524 30.84118 9.34017 8.643059 11.60277 19.99834 17.51536 3.538522 3.144095 3.507226 2.471426 1.885203 4.657854 6.198905 4.467119 9.570598 7.797345 2.531603 3.833685 3.678835 4.116448 7.031509 5.138268 5.941168
-9999 -9999 -9999 -9999 -9999 -9999 -9999 -9999 -9999 -9999 -9999 -9999 -9999 -9999 -9999 -9999 -9999 -9999 -9999 -9999 -9999 4.957139 20.49954 3.464854 4.670848 17.75026 5.140831 3.205941 7.742447 8.345176 6.903806 8.597335 12.67885 20.58545 11.20317 9.979944 10.27922 21.27508 10.25881 6.358852 7.619206 12.23805 21.62991 20.27366 17.3909 67.00102 111.5422 46.14757 37.06543 18.40653 8.055998 27.12754 16.31561 5.629671 2.131072 2.282029 2.818589 1.555606 1.709988 1.861484 3.235184 5.308456 12.32686 8.712702 5.641957 3.244138 2.474055 2.488972 2.752864 2.236907 2.041544
-9999 -9999 -9999 -9999 -9999 -9999 -9999 -9999 -9999 -9999 -9999 -9999 -9999 -9999 -9999 -9999 -9999 -9999 -9999 -9999 -9999 -9999 5.068684 13.10328 8.791697 11.08779 5.510126 4.091234 8.16551 3.442065 3.167408 6.982957 10.11185 9.309384 8.211126 9.494754 7.337476 18.61365 18.78874 10.40119 7.611535 7.321144 9.457311 11.54757 12.08183 39.8809 27.00668 18.35156 18.53878 31.25012 15.30434 37.76134 30.38244 11.53392 4.02099 2.61556 1.366481 1.42644 1.578059 0.4330728 0.4092995 3.621269 6.069455 2.8084 4.115541 2.412783 1.610227 1.31073 1.38078 1.589186 1.589368
-9999 -9999 -9999 -9999 -9999 -9999 -9999 -9999 -9999 -9999 -9999 -9999 -9999 -9999 -9999 -9999 -9999 -9999 -9999 -9999 -9999 -9999 -9999 18.86031 68.81459 10.79926 5.60209 6.214372 4.361792 2.675804 2.849583 4.888277 12.45574 2.778031 2.956337 5.682544 3.49691 14.64643 10.42247 14.81626 10.44543 6.630565 6.357977 16.58161 22.51295 34.8699 47.36649 28.71539 10.72937 24.84142 24.8804 20.49745 13.21536 17.60821 9.222752 6.688931 3.509393 2.12062 0.4180251 0.265342 0.2385936 1.313313 2.183234 0.1980433 4.282508 7.084291 4.83576 4.165425 2.370601 4.7739 1.485538
-9999 -9999 -9999 -9999 -9999 -9999 -9999 -9999 -9999 -9999 -9999 -9999 -9999 -9999 -9999 -9999 -9999 -9999 -9999 -9999 -9999 -9999 -9999 -9999 130.8445 15.71815 11.48682 16.52256 6.727553 5.878696 3.278953 4.348965 5.570937 3.473282 3.1487 5.613779 3.691295 7.024478 9.752978 9.530836 9.037215 18.46098 38.75913 19.85347 15.19339 23.72388 22.30717 16.01789 9.039667 12.95291 8.883945 7.20767 3.724074 10.80348 13.41715 10.75231 4.284565 0.2690404 0.1925557 0.2029209 0.1047206 0.5120476 0.5354239 0.1980433 1.738579 5.102997 7.17002 4.545579 3.405154 2.548062 3.256696
-9999 -9999 -9999 -9999 -9999 -9999 -9999 -9999 -9999 -9999 -9999 -9999 -9999 -9999 -9999 -9999 -9999 -9999 -9999 -9999 -9999 -9999 -9999 -9999 14.23122 8.223532 19.39722 4.340515 6.123404 16.39751 14.20567 12.03564 14.94839 12.60069 8.576351 18.70483 14.83859 5.023128 16.43358 20.24426 22.72936 62.17714 79.09585 67.75381 38.51449 31.50747 32.98122 25.15276 8.252283 3.858916 2.182269 4.036419 3.515918 4.604558 4.680265 2.119175 1.437232 0.7195984 0.1252286 0.5187188 0.2884454 0.05277641 0.0201066 0.1246202 0.5422859 1.758522 3.085023 4.72851 2.984637 2.64317 2.724073
-9999 -9999 -9999 -9999 -9999 -9999 -9999 -9999 -9999 -9999 -9999 -9999 -9999 -9999 -9999 -9999 -9999 -9999 -9999 -9999 -9999 -9999 -9999 -9999 -9999 -9999 8.092488 33.16261 5.513839 7.382305 13.00652 20.72939 22.26682 11.3672 13.49717 16.72315 60.19365 26.30215 25.63297 73.90214 105.6539 302.941 33.46087 31.17313 64.8218 78.13195 42.43273 19.33576 21.36123 8.868176 3.12565 3.667567 3.112668 3.389502 2.164936 2.844418 1.20999 1.742827 0.3167908 0.8733736 0.3848217 0.0624534 0.07129529 0.01288677 0.6422757 0.6992636 1.662244 3.252994 4.09094 3.075547 2.135534
-9999 -9999 -9999 -9999 -9999 -9999 -9999 -9999 -9999 -9999 -9999 -9999 -9999 -9999 -9999 -9999 -9999 -9999 -9999 -9999 -9999 -9999 -9999 -9999 -9999 -9999 -9999 46.74752 3.728603 2.200251 3.867699 17.23375 13.79516 76.1267 48.18333 12.46142 30.19224 122.2449 34.67525 93.99998 -9999 -9999 40.56376 49.38663 68.43019 134.8994 19.45535 10.35236 36.99004 3.814512 1.197027 2.734175 2.146751 1.893089 1.596344 1.170644 0.6572017 1.847048 3.007892 1.600063 0.3021543 0.2727905 0.211926 0.6439012 0.4945049 1.028305 2.055554 1.412832 1.988696 3.18824 1.970107
-9999 -9999 -9999 -9999 -9999 -9999 -9999 -9999 -9999 -9999 -9999 -9999 -9999 -9999 -9999 -9999 -9999 -9999 -9999 -9999 -9999 -9999 -9999 -9999 -9999 -9999 -9999 -9999 18.25262 3.32789 9.302164 26.07648 14.18898 -9999 -9999 20.6521 162.1399 -9999 -9999 -9999 -9999 -9999 -9999 28.52214 60.16413 144.5965 52.41988 36.76226 3.819752 7.088131 2.312975 2.203913 2.724922 3.680736 1.952981 1.695871 18.20918 4.957307 4.726667 3.853726 2.777573 1.09418 1.08839 0.6365383 0.5307434 1.092433 1.951663 2.133615 4.871479 4.52497 4.404748
-9999 -9999 -9999 -9999 -9999 -9999 -9999 -9999 -9999 -9999 -9999 -9999 -9999 -9999 -9999 -9999 -9999 -9999 -9999 -9999 -9999 -9999 -9999 -9999 -9999 -9999 -9999 -9999 -9999 -9999 -9999 -9999 -9999 -9999 -9999 -9999 -9999 -9999 -9999 -9999 -9999 -9999 -9999 -9999 -9999 -9999 28.8195 69.1086 3.83867 43.81382 2.338735 1.392208 1.544937 1.547264 1.401188 1.788287 4.089096 12.60496 6.859465 4.522143 3.22747 1.473722 1.529788 1.748942 2.177012 2.509063 1.555653 4.063711 22.42725 25.17518 9.124453
-9999 -9999 -9999 -9999 -9999 -9999 -9999 -9999 -9999 -9999 -9999 -9999 -9999 -9999 -9999 -9999 -9999 -9999 -9999 -9999 -9999 -9999 -9999 -9999 -9999 -9999 -9999 -9999 -9999 -9999 -9999 -9999 -9999 -9999 -9999 -9999 -9999 -9999 -9999 -9999 -9999 -9999 -9999 -9999 -9999 -9999 -9999 5.238261 4.04208 3.807872 1.675893 1.395252 1.013089 0.954706 0.6535456 0.8432634 6.508199 7.707217 7.20996 7.34298 6.92902 2.775159 2.097051 2.538486 2.478545 5.111488 4.025362 5.246257 37.21614 16.99366 29.8455
-9999 -9999 -9999 -9999 -9999 -9999 -9999 -9999 -9999 -9999 -9999 -9999 -9999 -9999 -9999 -9999 -9999 -9999 -9999 -9999 -9999 -9999 -9999 -9999 -9999 -9999 -9999 -9999 -9999 -9999 -9999 -9999 -9999 -9999 -9999 -9999 -9999 -9999 -9999 -9999 -9999 -9999 -9999 -9999 -9999 10.4479 -9999 8.290553 4.43896 3.623692 0.684414 0.3189282 0.3719732 0.356971 0.468154 0.8641909 2.305491 3.724446 4.163151 4.97306 2.387766 2.210857 2.563607 1.998117 1.159891 2.579775 2.031871 8.712893 31.59946 21.14943 17.3816
-9999 -9999 -9999 -9999 -9999 -9999 -9999 -9999 -9999 -9999 -9999 -9999 -9999 -9999 -9999 -9999 -9999 -9999 -9999 -9999 -9999 -9999 -9999 -9999 -9999 -9999 -9999 -9999 -9999 -9999 -9999 -9999 -9999 -9999 -9999 -9999 -9999 -9999 -9999 -9999 -9999 -9999 -9999 -9999 38.74073 -9999 -9999 22.42546 0.3965924 0.4442874 0.3439132 0.3666448 0.6492722 0.5162574 0.4504903 0.9433923 3.472942 3.233154 2.645563 2.697349 2.57526 3.14784 6.300177 12.7099 0.9785297 1.178774 10.93201 46.00173 37.88914 25.6948 101.8643
-9999 -9999 -9999 -9999 -9999 -9999 -9999 -9999 -9999 -9999 -9999 -9999 -9999 -9999 -9999 -9999 -9999 -9999 -9999 -9999 -9999 -9999 -9999 -9999 -9999 -9999 -9999 -9999 -9999 -9999 -9999 -9999 -9999 -9999 -9999 -9999 -9999 -9999 -9999 -9999 -9999 -9999 -9999 -9999 4.643833 -9999 3.405508 3.718054 0.7678737 0.3467511 0.4886292 0.4888042 0.7276628 0.7497328 0.7501184 1.666514 8.432925 2.74442 2.790947 2.876528 2.25063 2.43174 1.927893 1.384157 1.947382 1.802956 7.903098 30.39635 44.79791 37.61734 25.11765
-9999 -9999 -9999 -9999 -9999 -9999 -9999 -9999 -9999 -9999 -9999 -9999 -9999 -9999 -9999 -9999 -9999 -9999 -9999 -9999 -9999 -9999 -9999 -9999 -9999 -9999 -9999 -9999 -9999 -9999 -9999 -9999 -9999 -9999 -9999 -9999 -9999 -9999 -9999 -9999 -9999 -9999 -9999 33.36863 -9999 -9999 1.070398 0.9852872 0.4708706 0.6298906 0.8963335 4.115417 0.7213613 0.8426276 1.764853 3.632534 3.496216 2.16243 0.6137033 0.9399174 1.858886 1.811916 1.617367 1.441615 2.161653 2.934726 20.46987 93.83467 57.4555 28.65279 141.4961
-9999 -9999 -9999 -9999 -9999 -9999 -9999 -9999 -9999 -9999 -9999 -9999 -9999 -9999 -9999 -9999 -9999 -9999 -9999 -9999 -9999 -9999 -9999 -9999 -9999 -9999 -9999 -9999 -9999 -9999 -9999 -9999 -9999 -9999 -9999 -9999 -9999 -9999 -9999 -9999 -9999 -9999 -9999 -9999 -9999 -9999 -9999 0.295887 0.5663872 1.028841 1.357655 1.36651 0.9858434 0.8476203 4.838459 2.246774 2.72699 2.053383 1.397304 0.888956 0.082445 0.01977367 0.1566279 4.24998 2.779116 2.870683 48.37053 86.16912 57.68677 18.04508 59.02357
-9999 -9999 -9999 -9999 -9999 12.76948 -9999 -9999 -9999 -9999 -9999 -9999 -9999 -9999 -9999 -9999 -9999 -9999 -9999 -9999 -9999 -9999 -9999 -9999 -9999 -9999 -9999 -9999 -9999 -9999 -9999 -9999 -9999 -9999 -9999 -9999 -9999 -9999 -9999 -9999 -9999 -9999 -9999 -9999 -9999 -9999 -9999 -9999 0.2633041 0.7094157 1.940932 1.79319 1.367793 0.7850658 1.701413 5.445541 2.543154 2.233422 1.393706 1.235272 0.09976533 -9999 0.2265462 2.675544 5.487178 3.848638 12.13103 81.95804 34.51686 10.21295 23.95015
6.919667 3.561996 -9999 -9999 -9999 -9999 -9999 -9999 -9999 -9999 -9999 -9999 -9999 -9999 -9999 -9999 -9999 -9999 -9999 -9999 -9999 -9999 -9999 -9999 -9999 -9999 -9999 -9999 -9999 -9999 -9999 -9999 -9999 -9999 -9999 -9999 -9999 -9999 -9999 -9999 -9999 -9999 -9999 -9999 -9999 -9999 -9999 -9999 -9999 28.75846 3.202564 6.611064 3.660996 140.3578 5.011767 5.683604 12.54973 10.86626 5.708575 6.782237 5.817318 1.389427 0.2120306 2.211867 7.042925 4.448753 6.902247 44.6312 14.81821 2.894697 13.21794
4.277211 2.856598 21.65184 -9999 -9999 -9999 -9999 -9999 -9999 -9999 -9999 -9999 -9999 -9999 -9999 -9999 -9999 -9999 -9999 -9999 -9999 -9999 -9999 -9999 -9999 -9999 -9999 -9999 -9999 -9999 -9999 -9999 -9999 -9999 -9999 -9999 -9999 -9999 -9999 -9999 -9999 -9999 -9999 -9999 -9999 -9999 -9999 -9999 -9999 1.404097 17.94532 18.19014 9.941254 8.785168 5.570437 6.794824 16.20141 9.545718 8.469394 10.39065 27.28602 7.399734 4.857036 4.75896 6.68975 4.586607 3.698835 7.470505 3.509286 3.902794 7.819029
3.583294 3.72094 10.30917 14.41698 -9999 -9999 -9999 -9999 -9999 -9999 -9999 -9999 -9999 -9999 -9999 -9999 -9999 -9999 -9999 -9999 -9999 -9999 -9999 -9999 -9999 -9999 -9999 -9999 -9999 -9999 -9999 -9999 -9999 -9999 -9999 -9999 -9999 -9999 -9999 -9999 -9999 -9999 -9999 -9999 -9999 -9999 -9999 -9999 -9999 -9999 6.631882 1.429788 4.100058 4.647486 4.914466 4.374852 3.670506 6.971347 14.59833 13.57139 15.54048 75.06417 13.3632 7.503771 3.590419 3.15778 4.134702 4.183933 4.039492 4.049617 0.6266909
5.357623 3.645549 19.5478 104.4844 -9999 -9999 -9999 -9999 -9999 -9999 -9999 -9999 -9999 -9999 -9999 -9999 -9999 -9999 -9999 -9999 -9999 -9999 -9999 0.4784068 -9999 -9999 -9999 -9999 -9999 -9999 -9999 -9999 -9999 -9999 -9999 -9999 -9999 -9999 -9999 -9999 -9999 -9999 -9999 -9999 -9999 -9999 -9999 -9999 -9999 -9999 0.9509159 1.217505 5.563839 17.83179 2.420622 4.069586 4.138676 2.615594 4.495646 6.223983 9.165085 14.32741 4.44376 6.980672 11.68531 8.506713 4.563797 4.441088 5.86655 10.15334 0.4113674
3.774352 9.998909 20.86551 573.0376 -9999 -9999 -9999 -9999 -9999 -9999 -9999 -9999 -9999 -9999 -9999 -9999 -9999 -9999 -9999 -9999 -9999 -9999 -9999 -9999 -9999 -9999 -9999 -9999 -9999 -9999 -9999 -9999 -9999 -9999 -9999 -9999 -9999 -9999 -9999 -9999 -9999 -9999 -9999 -9999 -9999 -9999 -9999 -9999 -9999 -9999 -9999 76.98324 4.058092 3.886734 1.500245 2.021145 1.949618 0.4757838 1.627092 3.101283 2.214091 2.603528 3.323555 4.627237 9.981969 5.797979 5.658983 5.693778 3.086099 10.25665 11.23806
6.892083 14.08129 37.08604 -9999 -9999 -9999 -9999 -9999 -9999 -9999 -9999 -9999 -9999 -9999 -9999 -9999 -9999 -9999 -9999 -9999 -9999 -9999 -9999 -9999 -9999 -9999 -9999 -9999 -9999 -9999 -9999 -9999 -9999 -9999 -9999 -9999 -9999 -9999 -9999 -9999 -9999 -9999 -9999 -9999 -9999 -9999 -9999 -9999 -9999 -9999 120.6604 20.08278 6.085656 3.567554 11.17337 1.088409 1.121269 0.9156128 3.24636 1.259606 2.534104 2.564661 3.106481 4.745867 4.626386 3.393174 7.218528 3.311667 2.764297 4.700136 9.538175
15.24748 9.429395 -9999 -9999 -9999 -9999 -9999 -9999 -9999 -9999 -9999 -9999 -9999 -9999 -9999 -9999 -9999 -9999 -9999 -9999 -9999 -9999 -9999 -9999 -9999 -9999 -9999 -9999 -9999 -9999 -9999 -9999 -9999 -9999 -9999 -9999 -9999 -9999 -9999 -9999 -9999 -9999 -9999 -9999 -9999 -9999 -9999 -9999 -9999 -9999 -9999 4.003412 9.591851 2.789433 2.337095 1.469452 0.691995 1.281395 1.497691 0.67875 3.237297 3.750021 3.129037 3.397177 9.177055 4.057998 4.840345 3.345844 3.692528 3.07809 2.432786
