manual/examples/resources/data/gpw/gpw_v4_basic_demographic_characteristics_rev10_a000_014ft_2010_cntm_1_deg.asc
ncols         360
nrows         145
xllcorner     -180
yllcorner     -60
cellsize      0.99999999999994
NODATA_value  -9999
[rows 32 to 63 of 145, columns 142 to 212 of 360]
-9999 -9999 -9999 -9999 -9999 -9999 -9999 -9999 -9999 -9999 -9999 -9999 -9999 -9999 -9999 -9999 -9999 -9999 -9999 -9999 -9999 -9999 -9999 -9999 -9999 -9999 -9999 847.2672 19382.03 40087.06 34393.15 30895.84 67.23588 8618.511 16181.35 193492.1 446813 173199.2 80388.05 77589.1 -9999 -9999 329043.9 245977.9 166669.3 96366.67 125065.5 123768.9 87225.41 38634.23 28416.52 270018.6 27755.15 37059.97 87102.16 63460.3 60555.24 55162.05 122451 133180.9 35961.74 44428.63 16832.84 14971.25 23145.69 18197 9208.482 19330.68 38480.83 28942.32 15433.04
-9999 -9999 -9999 -9999 -9999 -9999 -9999 -9999 -9999 -9999 -9999 -9999 -9999 -9999 -9999 -9999 -9999 -9999 -9999 -9999 -9999 -9999 -9999 -9999 -9999 -9999 -9999 679.8647 5487.532 36420.98 1427.121 -9999 2235.392 32843.19 153959.5 189156.2 136305.2 950029.3 437815.7 52012.07 27747.22 96226.44 392583.8 285006 368351.7 369503.3 117224.7 79945.32 52766.14 58542.8 84334.28 70044.16 46303.58 53785.54 83637.31 76907.95 53902.86 106682.8 50834.54 68159.07 75429.25 24469.27 25657.01 23393.74 24715.53 12518.55 11057.07 8207.596 8561.439 32666.51 11090.07
-9999 -9999 -9999 -9999 -9999 -9999 -9999 -9999 -9999 -9999 -9999 -9999 -9999 -9999 -9999 -9999 -9999 -9999 -9999 -9999 -9999 -9999 -9999 -9999 -9999 -9999 -9999 -9999 -9999 -9999 -9999 -9999 20255.8 46420.97 50948.61 31706.61 129659.4 68263.79 34493.25 49182.01 157258.7 310892.5 332421.8 167977.1 155379.3 185691.1 239649 66877.79 61297.32 62596.45 94487.98 68710.66 153343.8 77876.63 68315.23 53834.25 165310.4 167117.6 86647.59 80634.15 65347.69 40582.76 46006.84 58215.52 63482.48 27252.94 45137.41 22985.4 239315 22512.83 17919.7
-9999 -9999 -9999 -9999 -9999 -9999 -9999 -9999 -9999 -9999 -9999 -9999 -9999 -9999 -9999 -9999 -9999 -9999 -9999 -9999 -9999 -9999 -9999 -9999 -9999 -9999 -9999 -9999 -9999 -9999 -9999 159.6331 100.1919 -9999 -9999 11965.27 29155.81 42436.36 80841.89 113110.8 168868.5 62967.15 51199.96 54546.08 150889.3 95015.1 255286.1 107631.3 83792.91 101397.1 48734.96 45271.8 53821.75 44798.24 81318.35 80365.29 148784 105567.6 108660.3 74748.09 42789.86 89954.3 83822.54 54534.37 38289.95 33210.58 63247.87 21315.66 39217.05 28766.14 32180.56
-9999 -9999 -9999 -9999 -9999 -9999 -9999 -9999 -9999 -9999 -9999 -9999 -9999 -9999 -9999 -9999 -9999 -9999 -9999 -9999 -9999 -9999 -9999 -9999 -9999 -9999 -9999 -9999 -9999 -9999 -9999 -9999 40.24787 48111.53 30557.04 42920.16 86583.11 42929.08 42812.94 101790.2 987360.4 42309.41 37025.63 25582.73 72131.12 155120.1 147810.3 240733.7 113926.9 210097.3 75795.34 59801.08 78341.44 37188.94 177844.7 94048.62 59104.88 43037.61 65958.56 80935.03 78632.16 56566.87 68291.48 74862.02 56657.25 41833.22 34289.86 27963.63 28979.92 17211.55 31500.76
-9999 -9999 -9999 -9999 -9999 -9999 -9999 -9999 -9999 -9999 -9999 -9999 -9999 -9999 -9999 -9999 -9999 -9999 -9999 -9999 -9999 -9999 -9999 -9999 -9999 -9999 -9999 -9999 -9999 -9999 -9999 -9999 -9999 9286.99 32608.18 59184.68 119448.9 80587.12 73409.27 59547.95 39430.61 25040.23 18003.96 51122.83 74136.96 179785.7 227050.7 132786.3 49201.41 62898.43 51110.16 44353.52 18849.82 49651.14 57661.32 49060.69 97993.66 177527.5 43720.06 73478.36 53932.93 53777.87 38653.31 33158.57 85886.11 93082.91 106089.6 44709.82 14074.09 18001.38 14694.82
-9999 -9999 -9999 -9999 -9999 -9999 -9999 -9999 -9999 -9999 -9999 -9999 -9999 -9999 -9999 -9999 -9999 -9999 -9999 -9999 -9999 -9999 -9999 -9999 -9999 -9999 -9999 -9999 -9999 -9999 -9999 -9999 -9999 -9999 -9999 2313.671 57426.21 49146.79 38190.47 21861.07 19357.26 28958.02 63414.41 47989.32 158748.4 77142.01 29391.07 27790.3 14553.45 60487.6 22893.89 35915.75 71507.37 67422.13 54512.95 33115.36 49067.62 43692.87 45027.74 47292.45 18283.94 53908.77 58295.77 32023.17 69422.78 61288.25 80362.16 73793.2 111964.8 13710.46 70357.91
-9999 -9999 -9999 -9999 -9999 -9999 -9999 -9999 -9999 -9999 -9999 -9999 -9999 -9999 -9999 -9999 -9999 -9999 -9999 -9999 -9999 -9999 -9999 -9999 -9999 -9999 -9999 -9999 -9999 -9999 -9999 -9999 -9999 -9999 -9999 -9999 7019.364 46717.29 37289.81 41306.82 11583.15 55891.67 241981.5 147714.5 46916.04 127166.7 162415.9 438451.8 146540.5 179338.9 130364.9 48608.61 32860.21 72583.65 62034.78 32015.89 51084.02 64751.23 39287.72 47868.41 25502.54 37518.07 48157.68 72342.28 46187.79 66616.07 58919.48 14768.92 991.6773 -9999 1360.652
-9999 -9999 -9999 -9999 -9999 -9999 -9999 -9999 -9999 -9999 -9999 -9999 -9999 -9999 -9999 -9999 -9999 -9999 -9999 -9999 -9999 -9999 -9999 -9999 -9999 -9999 -9999 -9999 -9999 -9999 -9999 -9999 -9999 -9999 -9999 -9999 10079.32 98591.09 39469.46 28296.15 25802.92 12575.42 75583.94 21891.97 14295.54 59810.1 85401.73 38858.87 116254.1 106292.6 51983.71 5224.585 2220.614 18521.4 22717.06 56663.52 68721.02 52032.23 158206.9 27576.93 28297.11 54505.58 60786.36 84838.41 173854.3 33519.8 47848.45 217.2276 -9999 -9999 -9999
-9999 -9999 -9999 -9999 -9999 -9999 -9999 -9999 -9999 -9999 -9999 -9999 -9999 -9999 -9999 -9999 -9999 -9999 -9999 -9999 -9999 -9999 -9999 -9999 -9999 -9999 -9999 -9999 952.3856 41772.49 10965.71 5700.406 49393.28 10506.62 48323.46 84890.95 55749.57 48437.84 29472.46 126659.5 43953.45 84633.34 84917.45 204160.6 63572.7 79044.48 3514.788 16.48308 86510.93 105523.6 65251.04 63158.37 -9999 5627.665 35400.05 38700.98 44368.01 23400.84 51366.58 64941.97 18470.73 28295.48 34005.01 32993.83 34235.2 49052.82 12105.04 -9999 -9999 -9999 -9999
-9999 -9999 -9999 -9999 -9999 -9999 -9999 -9999 -9999 -9999 -9999 -9999 -9999 -9999 -9999 -9999 -9999 -9999 -9999 -9999 -9999 -9999 -9999 -9999 -9999 -9999 -9999 -9999 2923.237 81462.81 18136.33 9815.152 18610.63 5563.834 17123.64 46329.68 45070.15 8212.917 6122.36 17701.13 55307.01 10998.04 -9999 -9999 253.2192 -9999 2471.924 10213.61 6140.512 20014 73275.96 47934.88 44245.91 39.80681 835.8468 2767.188 19613.04 50707.18 147937.3 145072.8 19575.74 101761.1 55105.34 36644.52 28354.73 29690.94 0.2573096 -9999 -9999 -9999 -9999
-9999 -9999 -9999 -9999 -9999 -9999 -9999 -9999 -9999 -9999 -9999 -9999 -9999 -9999 -9999 -9999 -9999 -9999 -9999 -9999 -9999 -9999 -9999 -9999 -9999 -9999 -9999 -9999 -9999 224641.8 24044.64 5587.084 10415.29 40408.56 5694.937 4799.693 25307 43741.2 31075.07 134930.4 348203.3 7418.07 -9999 -9999 -9999 -9999 7224.815 4952.115 -9999 0.1678586 253767.7 62812.02 85427.41 54142.42 85772.45 3088.309 -9999 124378.7 70300.23 68677.05 34697.66 27453.93 26592.73 31383.26 32421.16 74295.24 945572.6 317088 10890.15 53249.96 53253.86
-9999 -9999 -9999 -9999 -9999 -9999 -9999 -9999 -9999 -9999 -9999 -9999 -9999 -9999 -9999 -9999 -9999 -9999 -9999 -9999 -9999 -9999 -9999 -9999 -9999 -9999 -9999 -9999 -9999 78308.84 29022.24 7250.422 20842.54 41104.99 486843.9 4058.03 6937.293 10830.14 21716.95 -9999 -9999 1162.961 340.7786 -9999 -9999 -9999 22597.03 17140.71 -9999 -9999 188.1407 5393.425 342299.3 43872.28 41922.44 79521.7 38809.03 54492.89 31667.56 24205.54 102956.5 22017.11 9543.686 6310.54 27643.09 36079.92 143686.7 601358.9 139916.3 57319.89 151453.9
-9999 -9999 -9999 -9999 -9999 -9999 292.8503 -9999 -9999 205.3129 97.31212 -9999 -9999 -9999 -9999 -9999 -9999 -9999 -9999 -9999 -9999 -9999 -9999 -9999 -9999 -9999 -9999 -9999 21176.91 56030.22 10067.34 19886.52 9271.677 21986.9 31037.18 14491.19 12996.92 188393.1 1121.734 2102.098 48518.03 15697.42 4345.805 -9999 -9999 -9999 22273.97 31926.51 -9999 -9999 -9999 -9999 -9999 5270.383 48264.93 7724.236 10866.7 7339.357 21355.59 17658.25 36584.29 3477.329 68.0297 1465.927 34871.74 78690.16 36853.33 48041.51 82484.63 12849.56 288033.5
-9999 -9999 -9999 -9999 -9999 -9999 -9999 -9999 -9999 2600.309 4666.689 -9999 -9999 -9999 -9999 -9999 -9999 -9999 -9999 -9999 -9999 -9999 -9999 -9999 -9999 -9999 -9999 -9999 192028.6 31449.34 17686.18 30685.28 9678.915 12554.54 27935.13 6953.229 48986.69 137115.7 8875.169 7525.069 -9999 -9999 -9999 -9999 -9999 -9999 365.473 7.326093 -9999 -9999 8700.793 76880.26 9426.853 52932.16 45523.45 1440.259 -9999 -9999 6889.02 34752.56 19372.56 136710.5 3207.18 231.8676 36366.2 390582.3 70172.34 52441.63 67026.04 36471.66 59090.99
-9999 -9999 -9999 -9999 -9999 -9999 -9999 -9999 -9999 -9999 -9999 -9999 13197.84 -9999 -9999 -9999 -9999 -9999 -9999 -9999 -9999 -9999 -9999 -9999 -9999 -9999 -9999 -9999 -9999 24062.42 26436.36 77065.33 105738.6 68551.38 75981.98 11278.4 66126.39 32480.79 -9999 -9999 -9999 -9999 -9999 -9999 6608.277 1303.099 652.4464 44397.1 12185.5 623.8845 21759.96 49260.98 63965.45 77608.98 235.5472 -9999 -9999 -9999 2993.176 14924.8 25761.35 140437.4 5394.302 3914.881 3902.003 87923.67 60677.98 84277.19 94488.45 36036.46 107653.8
-9999 -9999 -9999 -9999 -9999 -9999 -9999 -9999 -9999 -9999 -9999 -9999 474.4696 -9999 -9999 -9999 -9999 -9999 -9999 -9999 -9999 -9999 -9999 -9999 -9999 -9999 -9999 -9999 -9999 -9999 66.55566 58403.33 63681.64 103007.1 16809.16 41607.75 416.7808 -9999 72681.34 182542.9 362729.2 575877.6 236558.3 276303.3 338890.8 229531.1 96037.95 84746.64 338904.7 7588.458 84.04481 -9999 24868.59 6327.529 -9999 -9999 -9999 -9999 -9999 1132.934 3627.258 682.6882 556.8986 1905.551 872.0074 6806.973 25340.53 35750.98 95616.28 20324.43 49134.5
-9999 -9999 -9999 -9999 -9999 -9999 -9999 -9999 -9999 -9999 -9999 -9999 -9999 -9999 -9999 -9999 -9999 -9999 -9999 -9999 -9999 -9999 -9999 -9999 -9999 -9999 -9999 -9999 -9999 -9999 -9999 30349.92 279913.3 30484.61 43630.82 58401.05 69393.63 297671.9 240363.4 135370.4 75208.77 67735.18 113059.3 156611.8 134960.6 105496.3 91641.78 81846.11 211544.5 11181.19 476.9251 -9999 27624.79 -9999 -9999 -9999 -9999 -9999 -9999 -9999 -9999 3877.766 18826.11 25960.86 1238.555 518.2018 -9999 -9999 -9999 -9999 3754.351
-9999 -9999 -9999 -9999 -9999 -9999 -9999 -9999 -9999 -9999 -9999 -9999 -9999 -9999 -9999 -9999 -9999 -9999 -9999 -9999 -9999 -9999 -9999 -9999 -9999 -9999 -9999 -9999 -9999 -9999 -9999 267263.6 271430.5 229706.6 57718.17 78856.52 148453.1 31331.52 40394.59 19374.29 53697.5 117484.6 32424.22 91991.78 20769.03 18556.14 48612.8 46413.48 85947.26 1640.777 -9999 -9999 -9999 -9999 -9999 -9999 -9999 -9999 -9999 -9999 -9999 0.2374695 221.1947 328.0251 2.980574 -9999 -9999 -9999 -9999 -9999 12641.36
-9999 -9999 -9999 -9999 -9999 -9999 -9999 -9999 -9999 -9999 -9999 -9999 -9999 -9999 -9999 -9999 -9999 -9999 -9999 -9999 -9999 386.9305 -9999 -9999 -9999 -9999 -9999 -9999 -9999 75794.82 601976.9 200717.8 196669.8 66629.48 22115.29 5435.438 4339.803 14213.01 9882.898 11635.05 30926.07 18680.31 9162.737 37551.95 86983.55 18366.58 11854.41 21206.53 69285.9 9692.209 -9999 -9999 -9999 -9999 -9999 -9999 -9999 -9999 -9999 -9999 -9999 -9999 -9999 -9999 -9999 -9999 -9999 -9999 -9999 -9999 -9999
-9999 -9999 -9999 -9999 -9999 -9999 -9999 -9999 -9999 -9999 -9999 -9999 -9999 -9999 -9999 -9999 -9999 -9999 -9999 -9999 3480.495 17592.37 -9999 -9999 -9999 -9999 -9999 -9999 68052.7 156845.5 136433 217154.1 55236.68 29634.12 8978.968 3398.256 7454.838 11509.72 7041.505 4008.037 4280.902 32359.6 31573.46 14455.69 14878.6 1623.046 1247.343 2866.166 10964.31 35287.7 89080.46 269442.2 32085.21 3930.882 -9999 -9999 -9999 36.29239 27692.7 30269.21 10581.56 1778.254 23.44743 -9999 -9999 -9999 -9999 -9999 -9999 -9999 -9999
-9999 -9999 -9999 -9999 -9999 -9999 -9999 -9999 -9999 -9999 -9999 -9999 -9999 -9999 -9999 -9999 -9999 -9999 -9999 -9999 -9999 -9999 -9999 -9999 -9999 -9999 -9999 -9999 82226.05 132531.1 241978.1 67402.91 40862.46 46838.66 5418.682 14128.06 15147.91 796.735 651.184 6107.215 2770.135 2055.883 9003.974 10236.31 759.9888 173.6371 173.6371 431.965 1958.033 3474.297 6695.877 19680.24 31374.73 11624.96 696.1452 155.9537 -9999 2151.5 72355.84 39356.45 12559.23 3925.235 3543.564 4540.728 16349.47 23252.93 1366.541 320963.1 862434 891185.3 118672.6
-9999 -9999 -9999 -9999 -9999 -9999 -9999 -9999 -9999 -9999 -9999 -9999 -9999 -9999 -9999 -9999 -9999 -9999 -9999 -9999 -9999 -9999 -9999 -9999 -9999 -9999 -9999 -9999 223673 72639.64 23483.37 35854 31382.79 1135.029 1113.866 2205.067 1165.486 1104.158 1205.99 2078.44 1977.193 1939.084 1201.153 1121.623 972.1754 198.7819 213.9308 709.5026 2267.021 2729.718 6766.468 8825.138 13623.22 3219.219 3219.219 3104.086 1651.917 649.288 1530.031 1555.388 2576.19 3307.867 2988.592 3.39484 -9999 681.2306 3800.706 106552.5 856952.1 3742592 228154.5
-9999 -9999 -9999 -9999 -9999 -9999 -9999 -9999 -9999 -9999 -9999 -9999 -9999 -9999 -9999 -9999 -9999 -9999 -9999 -9999 -9999 -9999 -9999 -9999 3390.822 -9999 -9999 15634.33 47721.13 8109.908 6041.361 1639.327 1166.179 129.6653 144.8293 1092.18 1344.898 5588.885 3777.05 3764.92 1194.773 1155.218 1065.972 553.8082 176.3141 178.1023 256.5018 906.4308 2497.857 2738.832 6834.999 6834.999 4424.143 1872.487 2172.002 2609.645 2643.1 1571.117 1571.141 1571.141 1571.141 3314.736 3100.223 2613.73 2274.279 -9999 -9999 -9999 546155.5 992310.9 44533.71
-9999 -9999 -9999 -9999 -9999 -9999 -9999 -9999 -9999 -9999 -9999 -9999 -9999 -9999 -9999 -9999 -9999 -9999 -9999 13.23134 6539.867 60109.04 39120.36 3683.204 12416.4 23.82655 10879.64 7960.118 4859.874 1363.84 197.1615 73.67113 73.67113 93.0956 141.8668 596.9329 2023.567 8758.471 3430.505 1584.573 1219.844 906.7053 283.1596 188.6984 163.0795 163.0795 297.9502 810.085 1500.648 1435.544 1534.388 1522.661 1269.543 870.6639 785.3146 825.6813 1549.191 1536.415 1586.415 1585.792 1586.415 3114.67 3251.932 -9999 35.62798 -9999 4491.185 877.2977 666344.9 11299.75 2954.716
-9999 -9999 -9999 -9999 -9999 -9999 -9999 -9999 -9999 -9999 -9999 -9999 -9999 -9999 -9999 -9999 -9999 -9999 -9999 294.0544 368.1679 18.00203 22824.56 -9999 27900.82 1358.742 181.4212 116.419 121.401 826.0214 1208.656 1118.5 368.6613 74.35802 145.087 3160.625 3430.61 10391.08 2333.795 1728.588 1074.687 233.4426 201.2851 192.1569 193.1101 350.1382 539.7348 855.1799 1021.545 1319.304 1501.403 1974.826 4908.378 9393.32 1455.224 792.6366 792.6366 1446.242 1573.837 1583.326 1585.539 1571.453 1546.833 -9999 -9999 1616.526 633.5636 -9999 522939.8 336605.6 526.2491
-9999 -9999 -9999 -9999 -9999 -9999 -9999 -9999 -9999 -9999 -9999 -9999 -9999 -9999 -9999 -9999 -9999 -9999 -9999 -9999 -9999 -9999 -9999 6685.609 2277.095 77.19103 8320.848 15.39733 13.59089 76.42013 534.4254 1174.552 1289.688 1021.892 611.8287 1276.98 1193.267 757.5721 2811.78 3611.922 1071.501 936.8973 160.6917 203.9608 310.6337 537.6827 537.6827 621.6359 820.0975 1941.039 3833.288 3920.024 6825.589 1724.096 611.8599 757.6788 736.0026 303.0811 204.2177 204.2177 204.2177 204.2177 204.2173 -9999 -9999 2564.047 -9999 -9999 -9999 747769.2 366932.9
-9999 -9999 -9999 -9999 -9999 -9999 -9999 -9999 -9999 -9999 -9999 -9999 -9999 -9999 -9999 -9999 -9999 -9999 -9999 -9999 -9999 -9999 -9999 2.359215 14.90838 20.97911 90.68186 90.71682 90.65652 90.71278 90.78745 162.2965 584.1999 352.5499 338.2489 334.893 334.8259 334.8259 334.8259 576.7537 467.1656 661.6033 97.65158 188.8115 294.3496 461.4742 387.7374 568.3514 822.902 1652.251 1560.435 641.0717 503.3708 503.3708 503.3708 503.3708 503.3708 256.6193 205.9636 205.9636 205.9636 205.9636 205.9632 -9999 -9999 -9999 10543.53 2400.892 12042.65 -9999 308089.8
-9999 -9999 -9999 -9999 -9999 -9999 -9999 -9999 -9999 -9999 -9999 -9999 -9999 -9999 -9999 -9999 -9999 -9999 -9999 -9999 -9999 -9999 13.50121 1.559644 10.41263 12.58106 60.20114 60.20105 60.20096 60.20087 60.20079 124.3667 182.8832 222.6785 330.7969 361.0078 355.4934 349.6179 343.2545 256.7102 98.44352 98.44352 98.44352 163.8667 207.8705 213.6412 286.0469 470.1967 608.5942 588.9567 507.4844 507.4844 507.4844 507.4844 507.4844 507.4844 507.4844 260.0405 207.6467 207.6467 207.6467 207.6467 207.6463 -9999 -9999 -9999 -9999 -9999 2036.034 -9999 102679.5
-9999 -9999 -9999 -9999 -9999 -9999 -9999 -9999 -9999 -9999 -9999 -9999 -9999 -9999 -9999 -9999 -9999 -9999 -9999 -9999 -9999 238.1035 13554.84 12.11351 0.9244693 23.70077 60.66655 60.66655 60.66655 62.58547 74.40116 127.0023 184.3099 184.3099 187.7525 269.8292 359.59 365.7639 365.7639 242.3649 159.6384 146.5246 158.622 2176.37 242.0444 168.472 340.2869 283.5441 435.8102 398.2731 370.0686 459.7098 511.4397 476.022 453.1115 511.4434 511.4434 263.4035 209.2666 209.2666 209.2666 209.2666 209.2662 -9999 -9999 -9999 -9999 -9999 807.2892 -9999 17967.14
-9999 -9999 -9999 -9999 -9999 -9999 -9999 -9999 -9999 -9999 -9999 -9999 -9999 -9999 -9999 -9999 -9999 -9999 -9999 -9999 -9999 43.24801 9.25935 18.20821 6.839141 8005.341 61.11768 61.1563 68.80248 80.17965 81.59608 180.39 193.6444 185.6804 185.6804 185.6804 213.0207 325.1684 368.4838 294.5664 240.8619 240.8619 336.3924 4952.382 2266.292 118.7732 118.7732 170.4405 466.2129 167.896 167.564 175.5251 235.0118 359.0945 253.6175 315.2401 442.0313 266.4016 210.8228 210.8228 210.8228 210.8228 210.8224 2.835379 3.495376 3.980896 4.092652 2.85525 3.835028 857.9397 17.98827
-9999 -9999 -9999 -9999 -9999 -9999 -9999 -9999 -9999 -9999 -9999 -9999 -9999 -9999 -9999 -9999 -9999 -9999 -9999 -9999 978.4377 299.1935 238.7563 363.3369 468.3003 389.7594 70.98494 76.72666 82.17351 82.17351 98.99477 222.3768 237.3285 186.9944 186.9944 186.9944 186.9944 221.1986 374.0768 559.1547 291.1177 251.3851 1150.34 5162.699 2809.285 238.2095 325.741 529.8065 541.1564 168.7498 168.7498 168.7498 168.7498 324.2246 326.0701 250.5345 250.5345 243.4816 223.7122 213.6164 212.3147 212.3147 212.3154 576.8759 576.8807 576.8807 576.8807 576.8766 573.1573 554.8482 3735.537
