manual/examples/resources/data/gpw/gpw_v4_basic_demographic_characteristics_rev10_a000_014bt_2010_dens_1_deg.asc
ncols         360
nrows         145
xllcorner     -180
yllcorner     -60
cellsize      0.99999999999994
NODATA_value  -9999
[rows 32 to 63 of 145, columns 213 to 283 of 360]
2.806759 2.167058 4.042281 7.168742 2.908346 4.781103 13.6776 4.295974 8.878558 2.080807 2.430776 2.315379 1.881257 1.922269 2.918915 2.467807 2.76075 1.772557 1.255776 3.18849 1.749529 1.214332 3.300853 1.796713 0.8006395 3.014371 0.7928767 1.06741 0.7848152 1.337168 2.972597 0.9300256 0.4270583 0.672784 0.6639978 0.9668723 2.520578 1.490895 0.4890951 0.4415394 0.3652481 0.8704773 0.8558524 3.571231 6.416945 1.685249 1.223981 1.135638 1.264662 1.687558 1.02412 2.795126 4.798569 0.6675036 0.5020621 0.5603586 0.2579767 0.9435912 0.990161 0.2531545 0.2349146 0.4455248 0.2429783 0.04018434 0.04018434 0.05735663 0.04147049 0.07580955 0.2793716 0.6552802 9.203309
6.332559 3.161422 4.077457 10.57932 5.87332 5.102132 21.08835 2.65212 2.306372 3.563918 2.619974 1.520178 14.53782 10.7115 3.805581 1.904247 1.069008 3.274518 3.790561 2.138 1.328357 1.74073 13.5322 1.235972 1.832492 8.859398 1.369643 0.8386877 0.5896496 0.2462384 0.335697 0.2152681 0.3972076 0.4677014 0.4383257 0.8887395 0.8044405 4.384397 8.68778 1.463722 0.5208541 1.331986 1.031986 0.8281329 0.9635946 0.39417 0.6356503 0.8028713 4.368406 0.9842574 0.5432808 0.7818168 2.637221 1.254366 0.2417889 0.1592545 0.3222925 0.9812084 0.6122803 0.72888 0.7327406 4.881395 0.2349885 0.1147357 0.1077387 0.1105444 0.1278791 0.1644286 0.1880868 0.3747946 1.403817
4.210567 8.933503 4.345202 25.02021 4.29216 3.775357 3.869345 3.035909 1.921548 1.95251 2.451514 1.483014 4.35688 1.233215 0.9126314 0.8681447 0.7460843 1.322642 0.9909937 0.5207684 0.6175234 0.6098021 0.5250642 2.200246 11.61676 0.7523065 0.6546434 0.2741283 0.1952536 0.1396764 0.08964412 0.1111785 0.1445053 0.3864931 0.4290366 0.4515356 0.2415124 1.930642 6.341313 1.91561 3.569273 5.69911 0.4604008 0.233593 0.3097013 0.5262703 1.434623 1.720047 2.381602 2.19788 2.131354 0.8454106 0.3389304 0.3053375 0.2142858 0.1627596 0.2693534 0.3925444 0.6108528 1.175317 0.4311095 0.3787553 0.2736077 0.1616701 0.0572618 0.161512 0.2019659 0.2593888 0.1183828 0.2340905 0.334437
9.998611 9.00342 4.292359 18.82577 4.410257 3.428612 2.477463 2.166454 1.244581 0.9265938 1.65142 1.288372 1.371685 0.5839444 0.4104605 0.3838548 0.3450616 0.2764246 0.3376065 0.3536738 0.3664613 0.3868096 0.4740213 0.7377669 0.7026399 0.5755476 0.3643574 0.139332 0.1243701 0.1062497 0.07674988 0.08212195 0.1365132 0.3036882 0.3278678 0.1231542 0.1136432 0.1178483 0.5154068 3.880246 5.85392 2.602833 0.3069689 0.4481215 1.914692 1.511073 0.5219934 0.476454 1.293141 4.7416 2.251982 0.9530729 0.4557449 0.3597796 0.2150238 0.3331809 0.7184865 0.3789585 0.8032741 0.2934146 0.2158796 0.2238975 0.3164858 0.197046 0.1753482 0.234897 0.3206381 1.778723 0.4504183 0.2724707 0.1691809
8.806042 17.47062 18.26982 4.799711 24.98401 29.53811 17.2695 5.74315 2.026291 1.243579 1.819221 27.77085 1.409984 1.394191 0.3603243 0.2566893 0.243927 0.4020379 0.5918906 0.484407 0.3539416 0.3329831 0.1662918 0.2516377 0.4979579 0.365455 0.2283693 0.1246721 0.09717389 0.08389527 0.08058629 0.1978555 0.2602873 0.279612 0.2799587 0.2718128 0.2026207 0.1568017 0.1640132 0.1441709 0.1408836 0.2950029 0.3892768 0.3901862 0.6934143 0.4959823 0.206568 0.3045974 0.377557 0.450285 0.3769813 0.2892496 0.4616892 1.516332 0.3859069 0.8196458 1.476735 0.4617364 0.6931904 0.2091221 0.1159944 0.130585 0.1679283 0.1463099 0.2231895 0.4239221 0.4155674 0.4040455 0.4316204 0.3470468 0.6374969
13.62033 9.518237 17.94122 3.216359 23.13994 13.51731 29.85658 11.82832 2.78798 4.873709 1.085491 0.5378215 0.4492044 0.8194523 0.8744726 0.8386872 0.6613075 0.5393903 1.806769 4.297417 0.963239 0.6253974 0.1065656 0.08409616 0.1222193 0.1849817 0.1710366 0.1951828 0.4008017 0.2202874 0.1839156 0.2728439 0.2799587 0.2799586 0.2799587 0.2792436 0.1913552 0.164031 0.1557476 0.1415159 0.1792492 0.3117126 0.438322 0.4369988 0.3488167 0.3544123 0.3127605 0.5004893 0.4884553 0.4579798 0.4788777 0.5789722 1.074027 1.813714 3.659168 1.763232 0.6834995 0.4587848 1.152521 0.2601078 0.1478503 0.1025362 0.1180012 0.789984 0.135617 0.1647281 0.2202383 0.2979519 1.104112 0.6306709 0.4950201
6.733235 3.575671 8.340969 9.736502 7.90865 7.298083 5.343168 3.415758 3.143412 1.72279 0.7679459 2.856157 0.2595761 0.4953882 4.9956 9.550223 0.853679 0.5139948 21.49587 19.72504 0.7113649 0.6393756 0.4305603 0.1842283 0.09687019 0.1694742 0.2945748 0.4755438 0.4992743 0.5560017 0.750426 0.4237579 0.3104737 0.290094 0.2814244 0.2596037 0.164691 0.164031 0.1485442 0.1408836 0.2323564 0.3931752 0.2891698 0.4440744 0.5263953 0.7211794 0.6709035 0.5905933 0.6437053 2.494527 5.422928 0.9971265 0.6254677 0.3773779 0.7079745 0.5543749 0.9397658 1.423564 0.3139317 0.1918001 0.1810233 0.1302726 0.2694471 0.5603163 0.144494 0.1444903 0.2235307 1.3296 0.5361981 1.580119 0.4215715
9.828732 7.739274 10.63378 16.15001 12.24802 14.74598 16.51378 9.477403 10.71048 5.769671 2.371655 1.075157 0.4380506 0.5175952 1.729391 2.901761 2.792943 0.7012608 0.6827502 0.2157413 0.4036391 0.4190904 0.4197147 0.672908 1.309032 1.606853 1.221491 0.4988887 0.53708 0.5900499 0.8751913 0.5986677 2.965363 0.4586223 0.4837084 0.4171681 0.383607 0.3606705 0.2829252 0.1873492 0.1887404 0.2195694 0.2196887 0.4104431 0.6024113 2.337596 0.8486583 0.7213925 1.392453 1.011105 1.25501 5.014856 1.538308 0.1740694 0.00607369 0.03327274 0.06869995 0.221766 0.2407191 0.07748029 0.07948389 0.0769236 0.1147379 0.1142815 0.1188536 0.1474724 0.128886 0.1529631 0.246654 0.1727309 0.206213
30.83035 31.79769 10.07349 -9999 33.89687 9.835308 9.2486 7.190512 11.52392 11.75551 11.61157 3.796516 1.831432 1.794938 3.882352 -9999 0.7012607 0.7012491 0.370071 0.2019584 0.2009655 0.35434 0.3015786 3.328026 3.328026 3.328026 3.328026 1.816112 0.697188 0.6762893 0.6887635 0.4379719 5.760128 0.7355319 0.7813186 0.4303071 0.4164791 0.5260437 0.3851384 0.1890474 0.2321443 1.242719 1.403868 3.93514 2.453465 3.26407 3.593557 7.052544 5.377622 5.66842 0.9387686 7.658596 7.802085 11.56866 10.59223 1.580079 2.179267 0.3006859 0.1033784 0.03054269 0.05276855 0.02840561 0.02924049 0.05439775 0.02671781 0.04564409 0.07320613 0.1200331 0.1193185 0.1428126 0.07905515
-9999 -9999 -9999 -9999 -9999 -9999 17.06542 6.167549 3.835325 6.462171 15.01512 20.76824 32.45906 26.06986 30.39719 -9999 -9999 0.7012608 12.78025 0.4610118 0.554583 0.6583341 0.5600842 3.328026 3.328026 3.328026 3.328026 3.328026 2.932436 1.773558 1.711223 1.641315 1.310967 0.9030633 2.223178 10.34477 1.388107 2.928147 8.706952 2.531767 2.529031 5.177252 2.385879 34.63692 11.72544 5.173904 2.052354 3.464225 25.97399 9.273513 5.433318 0.547529 0.3006631 1.050421 46.82031 1.248727 4.111862 1.899732 0.4391764 1.590865 1.567284 0.4416229 0.08477087 0.04437682 0.02854839 0.04075663 0.03873128 0.04674374 0.04552617 0.04910992 0.05021235
6.936988 20.84635 21.52938 -9999 -9999 -9999 -9999 24.42844 11.64779 11.88675 5.297732 8.683364 6.506504 9.75428 28.39996 86.93503 -9999 -9999 0.6837979 0.7075043 0.8383126 0.8610782 0.6845064 3.328007 3.658977 5.213105 4.42174 3.338988 3.270514 2.365073 2.302218 2.302218 2.268896 1.147309 1.486509 2.550028 39.00134 13.53776 10.32921 5.35708 3.819966 33.67025 7.258364 5.950423 4.2735 5.43486 2.465307 2.026912 1.546474 0.5753341 0.2718932 0.4329143 0.7246722 5.890164 0.7051096 2.01347 6.904709 1.827268 -9999 0.2465396 5.182425 0.2674648 0.06017638 0.01166362 0.02817193 0.07255483 0.02093033 0.05508493 0.07587802 0.0795944 0.03830484
5.059297 5.748405 14.11431 56.07935 42.9088 30.8876 55.8087 37.06671 16.83345 5.894543 5.276299 32.05913 14.20665 10.07535 8.710619 19.87502 12.70089 -9999 -9999 1.434465 1.621767 1.605079 1.047869 3.564726 6.360458 6.46047 6.454167 32.66656 13.53333 5.678661 2.349345 2.302218 2.302218 3.190078 5.135836 11.74898 105.0577 40.25207 28.41083 19.08237 11.62894 2.070732 2.941482 2.079876 1.781136 1.664187 6.438403 13.88387 3.6048 17.49084 4.615692 2.019017 1.524173 11.09587 0.368071 0.04486739 0.347393 -9999 -9999 -9999 0.004188119 0.1589016 0.1156987 0.02364327 0.005921292 0.0003386374 0.02951091 0.06729945 0.0655786 0.1183986 0.01204896
7.778972 9.911569 11.61781 15.65847 15.88669 10.4712 16.77032 9.730728 7.423268 6.876225 12.77976 39.41171 14.30933 25.57278 22.68402 13.62845 81.65852 105.9181 -9999 1.621767 1.621767 1.621767 1.621767 2.150191 6.095258 5.968792 6.432857 5.102028 4.658141 18.72878 11.4447 9.957432 5.366313 30.41906 17.86503 41.06677 56.5722 67.18008 99.65186 95.06061 21.08044 3.410349 0.6885283 1.009319 0.3529913 1.300717 2.919761 9.581681 2.498294 0.5351913 0.09981072 0.01839717 0.0111499 0.09779422 0.1313277 0.04605015 0.05117314 -9999 -9999 -9999 0.03110791 2.20077 1.632547 1.598386 1.142477 1.386598 0.670836 0.03054163 0.001536501 0.009528045 0.01722427
21.39616 7.478853 9.520147 9.341522 5.200766 1.106106 5.327115 5.546924 14.25977 15.54046 24.11929 15.74501 11.20787 11.94645 15.98982 24.39048 16.24683 -9999 -9999 1.621767 1.621767 1.621767 1.621767 1.801873 3.181128 3.181303 3.256175 4.492799 4.87197 5.41784 9.625877 13.055 35.96373 46.30831 31.421 13.77893 12.51108 7.474187 5.317589 4.571992 2.538782 1.589738 22.00995 32.36126 8.965023 5.403631 1.807645 -9999 -9999 -9999 -9999 -9999 -9999 0.001209422 0.05903451 0.1461089 0.0404905 0.02012288 2.371904e-005 0.03070356 0.1051283 0.9315356 0.1353488 0.144237 1.177667 11.3622 3.258147 3.542245 0.1159094 0.1497068 0.5304351
11.18286 17.90291 31.60805 5.819974 7.696039 21.58496 20.51909 23.97542 21.39783 17.97331 30.34471 16.51918 17.15639 30.36575 10.14837 35.46939 29.87598 -9999 -9999 -9999 1.621767 1.621767 1.978307 3.712288 3.996071 3.181303 3.181303 4.287929 5.67467 5.065292 4.630258 7.972078 19.19738 26.25135 30.91546 75.43709 28.83467 9.933654 2.625606 0.726078 0.1218573 0.2912714 1.674741 7.87942 31.15909 0.02755601 -9999 0.7731038 0.3781002 0.01042111 0.009023171 9.073436e-005 0.9324248 0.09246695 0.09374537 0.2134582 0.02121888 0.01785376 0.05988616 0.01970674 0.003066834 0.02273094 0.03072557 0.0008294971 0.03100562 0.07547397 0.5917122 12.82786 5.097634 10.73743 2.926947
10.16791 16.98439 21.4697 33.59349 51.80507 37.90198 38.56427 35.29599 43.65821 41.18708 20.09024 30.93289 29.34267 29.47536 7.690207 11.87097 71.77049 59.61285 -9999 -9999 2.014334 8.259244 13.15057 3.810429 9.76866 37.98406 3.492287 3.403629 5.544756 5.695121 5.089283 5.499352 6.643233 17.25825 26.85574 55.53442 51.13646 22.03825 4.404719 1.526774 0.3214495 0.4031029 0.8016706 2.094425 10.67743 5.719084 26.11912 7.44983 1.075625 0.4315802 0.1214181 0.122065 0.06393317 0.04026104 0.001569196 0.0001244681 0.0008813972 0.01062465 0.0557992 0.03403054 0.009246085 0.00608957 0.05244533 0.11651 1.228521 0.4960305 0.666133 1.169024 6.547489 16.51825 7.489631
7.930705 67.46268 115.4911 67.23217 153.9245 37.13834 19.56998 22.45214 22.07441 66.9715 49.37899 55.15302 18.85011 13.67433 6.118009 11.44792 16.88184 24.88146 32.63631 49.31463 24.78882 18.73741 3.557085 2.478035 6.212179 10.57065 44.03952 15.43852 4.790966 5.69512 5.612224 11.69929 20.83854 36.95279 34.76793 43.20285 39.66603 16.09705 7.234173 6.961598 4.514687 5.113549 2.580671 0.1469646 0.0838019 0.2894874 2.458771 2.065423 5.718364 0.6090812 0.06631077 0.02233821 0.0007359356 -9999 -9999 -9999 -9999 -9999 0.01387717 0.02447387 0.02028282 3.590848 0.3839661 0.09238417 0.9091731 0.6520747 0.6623685 3.132859 43.07432 22.09468 38.58901
25.46925 17.8423 230.7212 98.87531 15.24762 11.73345 15.51001 13.23893 5.682108 14.06575 41.21729 52.00081 53.16421 17.93979 9.810078 10.26314 9.431886 52.50106 272.9077 7.429717 2.802595 1.417908 1.079066 1.515459 3.818321 10.4396 16.48028 16.14465 6.284383 8.797876 9.946011 20.97164 12.69626 13.60026 9.314738 18.05378 37.30007 6.468329 25.90534 78.19833 18.15565 8.710134 5.563413 4.469493 0.6361141 0.0327487 0.04959141 0.02194028 0.1041757 0.02677881 -9999 -9999 -9999 -9999 -9999 -9999 -9999 -9999 -9999 0.003534577 0.05136462 0.186786 0.02828077 0.1788651 0.1908741 0.2224866 1.152411 4.268251 3.696235 15.95869 45.54948
26.71311 24.30145 153.0347 86.82737 5.336126 1.217331 2.720133 15.87132 6.576372 7.317649 21.19986 21.19465 16.01814 18.08258 20.56126 27.95872 16.49441 17.858 16.50782 2.185493 1.706698 1.160068 0.8870042 0.6538301 1.152465 2.899963 3.160617 5.27053 9.218885 44.93298 12.33009 5.400712 8.131751 12.44625 14.19759 33.7498 198.3703 80.03937 227.7876 216.6721 118.3332 113.2242 25.9155 4.061601 0.4721818 0.3101614 0.02858063 0.03553473 0.0008935618 -9999 -9999 -9999 -9999 -9999 -9999 -9999 -9999 -9999 -9999 0.0427987 0.05284374 0.166242 0.7124513 0.2403892 0.1270117 0.1082871 0.5016581 1.603443 1.504899 2.95871 9.838558
-9999 -9999 165.938 157.435 1.548998 0.3024745 0.4542584 0.8616329 1.629755 10.43605 42.73043 310.5407 8.104518 9.401024 11.75315 20.64727 12.58775 10.9935 10.41725 1.16312 0.4653549 0.4273517 0.3979836 0.2917656 0.8058752 1.554171 2.397623 2.449366 5.040903 7.450347 5.757937 8.322968 10.36486 12.38828 20.137 44.97131 48.08276 63.44998 145.7052 167.4669 194.0379 114.8488 79.96484 5.069017 0.6764871 0.5910112 0.1628067 0.05675328 0.02151822 0.002435022 0.04273441 0.07225264 0.04381619 0.05175987 0.02325946 0.01234334 0.002046414 0.01146109 0.02253352 0.01313293 0.05995864 0.1617673 1.200252 1.929042 1.694153 0.6112225 0.9413381 1.144361 1.255982 1.83556 1.590502
-9999 502.2265 182.8922 77.79541 1.318116 0.2186589 0.2071936 0.1290734 0.1279741 1.197271 30.6322 108.6953 37.5271 18.41772 11.65705 14.97771 8.249013 13.33748 33.88494 27.11996 2.587714 5.636007 0.7552423 0.3814708 0.3139459 2.426627 1.793779 1.589512 4.423235 9.672803 2.924792 8.865174 13.84343 9.31577 13.21231 7.593285 23.21743 79.03944 83.22499 118.8396 198.011 352.8591 115.9191 31.67597 4.674639 0.4708321 0.2675824 0.1881226 0.1375759 0.09752545 0.182024 0.1458738 0.08736114 0.05783215 0.1711151 0.1232914 0.06478647 0.1729694 0.5932371 0.6287621 1.092836 0.434512 1.564985 2.699683 1.258043 1.557783 1.190292 1.725698 1.762821 1.179787 1.979611
43.69716 190.8953 161.8531 18.48684 2.523879 0.8725286 0.9046562 1.231553 0.3838359 0.1280356 7.223591 33.99805 54.93008 47.47646 28.37002 29.66013 15.13854 11.27284 7.581917 15.61807 2.947068 9.731764 2.081686 1.093863 1.185291 2.672799 0.684873 1.61094 5.06326 1.666565 6.274602 16.28347 34.786 7.34384 8.632215 3.397697 11.17672 51.97466 63.92482 182.123 349.4417 453.5713 170.026 91.81185 32.26914 4.218089 0.9139569 0.07980657 0.1015754 0.1105592 0.1781757 0.1458954 0.2195096 0.1663723 0.2026284 0.2681693 0.3931832 0.493555 1.531588 2.1656 1.993008 1.750794 1.934121 2.36194 2.170339 2.472304 1.61169 2.335407 1.189127 2.400916 9.83187
1.626098 1.791759 8.398241 0.1697372 1.071253 1.990847 1.281877 1.509561 1.535877 1.833013 8.936642 2.216712 4.269541 19.49248 76.4062 21.17031 11.8958 9.519911 7.886666 7.343848 2.848917 1.294211 4.802752 5.717842 3.046906 3.700837 3.021446 4.306308 4.790007 1.677151 1.405743 2.621558 2.469986 35.414 20.79705 8.935254 10.61557 78.32651 229.9537 225.9687 217.5126 123.5908 135.8382 187.5297 124.4429 70.45522 19.89446 3.569166 0.4286855 0.1314479 0.2547478 0.08316116 0.1338186 0.2017019 0.248994 0.2851547 0.3233481 0.9205691 1.648544 0.8667489 0.7288338 0.9315212 1.354169 1.108326 1.371095 1.598836 0.7615327 1.943807 2.315477 6.551913 72.72042
0.6303835 0.739713 5.261573 1.696875 2.578854 1.003612 0.5591618 1.04991 1.482042 0.8858454 1.082408 0.2274109 0.1113094 4.510785 28.46559 114.8204 2.113258 12.75125 13.05481 39.67268 8.879923 2.503632 4.132685 3.413922 4.730408 5.280563 4.095508 4.290866 1.307777 0.5637389 1.185291 1.264259 3.697424 12.53656 9.833815 5.567041 8.532225 132.6585 198.731 106.7372 76.39446 63.89547 98.12513 158.2763 336.9516 212.8549 77.64158 46.67549 34.0588 5.584898 0.3737755 0.2745057 0.3010857 0.5372063 1.693 3.119198 3.709158 2.782005 7.199338 1.140393 0.5906534 1.232714 0.6077562 0.4093063 0.9670208 1.417561 1.168505 1.293085 1.160199 14.4544 40.71905
1.434507 1.646232 2.441834 2.970279 2.063009 1.354734 1.037455 1.688918 1.761562 0.6915444 0.5150577 1.043453 1.463158 1.737369 6.862836 10.73896 -9999 43.29182 5.932723 4.441465 6.920512 5.274058 3.615572 2.527278 5.98257 4.54469 2.778199 2.798679 2.345381 0.8477167 0.9786397 2.49517 3.189308 7.981849 16.65197 70.93273 75.13476 128.9984 11.43258 14.59489 32.67891 43.01472 86.09894 204.366 787.7484 354.679 324.1151 125.2801 93.20466 49.24493 43.875 24.83537 3.401889 0.7803161 1.503222 0.9272604 1.803749 1.027829 0.8532115 1.065417 1.419493 4.363819 3.751512 1.357751 0.3790259 0.7836112 1.545446 1.243841 3.63819 32.57298 28.00671
5.077394 2.37717 1.445333 2.006264 1.474845 0.2891057 0.5115646 1.88363 1.890947 0.7746201 1.710088 2.341702 1.691324 1.393925 0.758317 1.188788 11.76302 1.749135 5.342868 11.50286 4.602047 3.523539 5.950647 11.34982 6.547691 2.462612 1.641462 2.541415 2.347434 2.867961 1.836421 2.025497 2.210524 5.327515 65.12094 179.4271 42.95098 11.54009 11.22015 21.14553 51.43439 70.77595 125.4805 151.4927 273.0099 353.6307 276.1435 274.1705 266.3671 225.1289 220.3929 128.7692 116.6214 35.29276 24.95155 38.55629 6.811405 2.547297 5.812469 4.628179 18.30128 59.42506 76.53247 5.753467 1.931032 2.07218 5.490142 6.527916 10.457 34.33957 55.26459
1.675311 2.313346 1.311758 1.107205 0.7064201 0.5931032 0.7104677 1.379801 1.125361 2.390175 5.592314 4.262217 1.396099 0.7681937 0.2868093 0.7759215 41.12943 284.2249 2.208863 -9999 4.049392 3.960545 8.829369 9.901392 4.617128 1.315705 2.28373 2.728856 3.539004 5.421556 6.996053 5.735137 2.406785 4.457308 50.00418 102.6768 11.69048 6.735553 14.21959 53.79165 74.21751 85.0889 150.2272 110.0521 130.3197 155.6292 177.4474 340.9128 293.1859 336.3304 417.9141 499.0948 540.197 317.3509 243.6371 219.9526 169.9155 140.653 159.2216 173.6371 64.17503 71.78262 11.16957 1.866357 1.832933 3.193202 10.69646 18.45514 20.03442 22.56212 36.84485
1.094078 0.5157235 -9999 1.466758 1.579657 3.451006 1.466908 1.584139 2.170195 4.28479 6.959378 4.064912 11.09132 6.56704 2.480745 0.702863 1.132592 2.847961 36.66993 4.994187 -9999 10.89391 67.131 19.68526 1.202555 1.202606 2.000547 3.767123 6.896129 5.840107 6.321341 3.613079 3.256083 16.13761 75.19267 165.6443 68.52527 31.67064 44.94189 54.63039 59.62381 77.79053 71.29169 62.96021 53.55886 102.346 94.32881 139.7248 300.8395 420.5239 371.5798 435.7726 615.4971 481.2012 414.4483 279.0811 355.3279 103.6585 105.5815 61.76126 41.97281 29.04674 5.291039 10.71494 10.59932 14.53856 19.54808 37.89117 22.08157 47.84922 45.42744
8.101671 0.04652639 0.1004148 -9999 3.637514 5.542848 11.94247 5.720613 0.6727501 1.393151 1.982541 2.232168 30.55245 44.96324 36.36222 1.017662 0.7005164 0.6663974 2.369588 4.994187 4.994187 4.994188 27.88938 12.82167 12.08823 -9999 -9999 -9999 -9999 -9999 -9999 -9999 -9999 980.7717 372.8865 56.93867 33.02954 18.11023 57.68193 94.71233 86.41771 81.02239 66.90746 67.67641 67.50317 82.72105 63.12316 80.25417 108.5456 100.9168 131.4317 230.8633 243.1172 212.3098 216.2572 347.5114 378.9326 444.5044 306.3883 161.6001 57.19808 16.98136 10.49527 12.37372 15.35877 23.94293 24.80973 19.50772 11.20751 51.27856 39.66828
0.2170487 0.06990414 0.2858752 -9999 -9999 2.599879 8.642452 1.040047 3.269092 1.565021 0.8202219 0.8499097 0.7316509 1.714636 3.413529 1.679509 0.7005163 0.7005164 1.357802 4.994166 4.994188 4.994188 2.406526 3.6793 13.98504 25.00405 8.718536 -9999 -9999 -9999 -9999 -9999 -9999 -9999 19.11353 10.94302 12.37462 25.16658 33.81728 187.6904 115.0291 130.4059 96.30568 82.44959 115.5615 72.50899 75.86544 80.48696 50.89324 50.04479 52.57072 88.95247 165.7967 264.5425 184.6611 308.2652 328.4269 833.8077 266.2234 26.50376 9.906743 13.76001 18.09001 10.7573 14.38081 17.54992 16.86575 11.61532 11.64276 30.07905 30.00566
0.002239237 0.01434366 0.2753828 0.322549 -9999 16.53739 19.63886 3.632039 5.816081 2.675025 0.6811932 0.6669524 0.5366907 0.3454458 0.3361803 0.6482965 0.7005163 0.7005163 0.7005163 1.054143 1.772267 2.491292 1.200207 1.170139 3.428206 2.150013 4.776278 -9999 -9999 -9999 -9999 -9999 -9999 -9999 -9999 62.83456 59.60366 82.48412 64.69339 174.2842 174.738 124.8922 118.2766 84.66489 52.97144 58.84467 59.91956 38.153 54.82218 84.22207 48.01283 70.11623 77.14166 127.2118 233.4353 647.6225 212.3969 355.6074 484.8294 65.61359 5.915257 17.73787 44.21042 31.48182 12.24997 11.82065 14.32994 11.4142 5.866259 10.08152 23.59881
0.9584385 0.8148316 0.8142526 0.8144414 0.8149292 256.8088 84.20403 15.05561 2.558131 0.5869471 0.5630404 0.6096606 0.3108406 0.2812246 0.3017045 0.6919215 0.7005164 0.7005164 0.7005164 0.7005164 0.7005164 0.7005164 0.6247574 0.4220042 0.2969474 1.13118 3.204763 -9999 -9999 -9999 -9999 -9999 -9999 -9999 -9999 -9999 62.64154 69.3407 70.60601 273.6626 87.04279 91.01475 98.83408 70.90733 54.01997 74.10036 90.26627 66.07375 148.0012 93.16492 77.7497 38.83591 52.15126 108.5795 221.8227 159.6248 57.35114 187.6592 522.9485 73.60414 4.308977 25.29811 50.08194 57.87851 9.477871 5.746458 8.354869 9.47654 8.431787 6.147059 25.81518
