manual/examples/resources/data/gpw/gpw_v4_basic_demographic_characteristics_rev10_a000_014mt_2010_cntm_1_deg.asc
ncols         360
nrows         145
xllcorner     -180
yllcorner     -60
cellsize      0.99999999999994
NODATA_value  -9999
[rows 0 to 31 of 145, columns 213 to 283 of 360]
-9999 -9999 -9999 -9999 -9999 -9999 -9999 -9999 -9999 -9999 -9999 -9999 -9999 -9999 -9999 -9999 -9999 -9999 -9999 -9999 -9999 -9999 -9999 -9999 -9999 -9999 -9999 -9999 -9999 -9999 -9999 -9999 -9999 -9999 -9999 -9999 -9999 -9999 -9999 -9999 -9999 -9999 -9999 -9999 -9999 -9999 -9999 -9999 -9999 -9999 -9999 -9999 -9999 -9999 -9999 -9999 -9999 -9999 -9999 -9999 -9999 -9999 -9999 -9999 -9999 -9999 -9999 -9999 -9999 -9999 -9999
-9999 -9999 -9999 -9999 -9999 -9999 -9999 -9999 -9999 -9999 -9999 -9999 -9999 -9999 -9999 -9999 -9999 -9999 -9999 -9999 -9999 -9999 -9999 -9999 -9999 -9999 -9999 -9999 -9999 -9999 -9999 -9999 -9999 -9999 -9999 -9999 -9999 -9999 -9999 -9999 -9999 -9999 -9999 -9999 -9999 -9999 -9999 -9999 -9999 -9999 -9999 -9999 -9999 -9999 -9999 -9999 -9999 -9999 -9999 -9999 -9999 -9999 -9999 -9999 -9999 -9999 -9999 -9999 -9999 -9999 -9999
-9999 -9999 -9999 -9999 -9999 -9999 -9999 -9999 -9999 -9999 -9999 -9999 -9999 -9999 -9999 -9999 -9999 -9999 -9999 -9999 -9999 -9999 -9999 -9999 -9999 -9999 -9999 -9999 -9999 -9999 -9999 -9999 -9999 -9999 -9999 -9999 -9999 -9999 -9999 -9999 -9999 -9999 -9999 -9999 -9999 -9999 -9999 -9999 -9999 -9999 -9999 -9999 -9999 -9999 -9999 -9999 -9999 -9999 -9999 -9999 -9999 -9999 -9999 -9999 -9999 -9999 -9999 -9999 -9999 -9999 -9999
-9999 -9999 -9999 -9999 -9999 -9999 -9999 -9999 -9999 -9999 -9999 -9999 -9999 -9999 -9999 -9999 -9999 0.09093185 0.00278466 -9999 -9999 0.06214751 0.1519756 0.2446184 0.3229325 0.3529755 0.1589717 0.05251196 0.0836646 0.04723237 0.05508005 0.806829 0.2773705 -9999 -9999 -9999 -9999 -9999 -9999 -9999 -9999 -9999 -9999 -9999 -9999 -9999 -9999 -9999 -9999 -9999 -9999 -9999 -9999 -9999 -9999 -9999 -9999 0.08268616 0.09991834 -9999 0.04109509 0.5029795 1.325049 0.4555271 -9999 -9999 -9999 -9999 -9999 -9999 -9999
-9999 -9999 -9999 0.05756288 -9999 -9999 -9999 -9999 -9999 -9999 -9999 0.01365844 0.08951718 0.1081017 0.993995 0.5193263 0.9270433 0.6195889 0.1228827 0.2810971 0.3935466 0.5147322 0.5536849 0.5795412 0.7679888 0.5475028 0.4044749 0.297463 0.2552733 0.07137981 0.3176189 0.1693296 0.03946883 -9999 -9999 -9999 -9999 -9999 -9999 -9999 -9999 -9999 -9999 -9999 -9999 0.237181 0.4641033 -9999 -9999 -9999 -9999 -9999 -9999 -9999 -9999 -9999 -9999 2.804162e-005 0.6577916 1.57509 2.550275 1.487257 1.705171 1.770467 1.549253 0.2372706 0.1556553 -9999 -9999 -9999 -9999
-9999 -9999 -9999 -9999 -9999 -9999 -9999 -9999 -9999 -9999 -9999 -9999 -9999 -9999 -9999 -9999 -9999 0.08886069 0.05688432 -9999 -9999 -9999 -9999 -9999 -9999 0.1135159 0.08160572 0.01113396 -9999 -9999 -9999 -9999 -9999 -9999 -9999 -9999 -9999 -9999 -9999 -9999 -9999 -9999 -9999 0.6730345 0.2831465 -9999 -9999 -9999 -9999 -9999 -9999 -9999 -9999 -9999 -9999 -9999 -9999 0.04354478 1.406938 2.349931 1.605356 3.550421 3.438663 4.86271 4.740832 1.523847 2.779059 0.2481651 1.357831 2.390997 0.8694233
-9999 -9999 -9999 -9999 -9999 -9999 -9999 -9999 -9999 -9999 -9999 -9999 -9999 -9999 -9999 -9999 -9999 -9999 -9999 -9999 -9999 -9999 -9999 -9999 -9999 -9999 -9999 -9999 -9999 -9999 -9999 -9999 -9999 -9999 -9999 -9999 -9999 -9999 -9999 -9999 -9999 -9999 -9999 -9999 -9999 -9999 -9999 -9999 -9999 -9999 -9999 -9999 -9999 -9999 -9999 -9999 -9999 -9999 -9999 -9999 0.05767826 -9999 0.005026619 0.08066829 1.302333 0.4014933 0.9519833 4.874809 4.313615 4.126658 4.792203
-9999 -9999 -9999 -9999 -9999 -9999 -9999 -9999 -9999 -9999 -9999 -9999 -9999 -9999 -9999 -9999 -9999 -9999 -9999 -9999 -9999 -9999 -9999 -9999 -9999 -9999 -9999 -9999 -9999 -9999 -9999 -9999 -9999 -9999 0.001413588 -9999 -9999 -9999 -9999 -9999 -9999 -9999 -9999 -9999 -9999 -9999 -9999 -9999 -9999 0.119659 -9999 -9999 -9999 -9999 -9999 0.1882139 0.5511801 0.07379135 0.05280338 0.02682723 -9999 -9999 0.3519975 0.6743677 -9999 -9999 0.1963432 0.1358292 1.283624 4.086432 6.042742
-9999 -9999 -9999 -9999 -9999 -9999 -9999 -9999 -9999 -9999 -9999 -9999 -9999 -9999 -9999 -9999 -9999 -9999 -9999 -9999 -9999 -9999 -9999 -9999 -9999 0.000416933 0.08627972 0.7418118 1.579524 0.8528278 0.6110981 0.6275201 0.7708542 3.157452 3.84926 4.643425 0.009302944 -9999 -9999 -9999 -9999 -9999 -9999 -9999 -9999 -9999 -9999 -9999 -9999 -9999 -9999 -9999 -9999 -9999 -9999 0.01351611 0.01231988 -9999 0.01551844 0.0263949 0.6845519 1.867727 3.051668 1.979261 0.9574863 1.995742 3.410989 4.669296 8.835027 9.877854 10.08626
-9999 -9999 -9999 -9999 -9999 -9999 -9999 -9999 -9999 -9999 -9999 -9999 -9999 -9999 -9999 -9999 -9999 -9999 -9999 -9999 -9999 -9999 0.2060153 1.27825 2.005171 1.807111 1.715157 2.108998 1.355129 0.5507893 1.362142 0.6423566 0.7781069 0.1087316 -9999 -9999 -9999 -9999 -9999 -9999 -9999 -9999 -9999 -9999 -9999 -9999 -9999 -9999 0.7325242 0.9552326 0.1080466 -9999 -9999 0.08693404 1.105109 2.993423 5.306316 6.882858 7.565822 8.87344 10.56163 11.31821 11.08108 10.59524 11.04249 11.21424 10.66096 10.77404 11.30272 11.2893 11.29802
-9999 -9999 -9999 -9999 -9999 -9999 -9999 -9999 -9999 -9999 -9999 -9999 -9999 -9999 -9999 -9999 -9999 -9999 -9999 -9999 -9999 0.3655939 3.457978 5.40085 4.425727 5.141634 3.885885 1.078126 -9999 -9999 -9999 -9999 -9999 -9999 -9999 -9999 -9999 -9999 -9999 -9999 -9999 -9999 -9999 -9999 -9999 -9999 0.2719336 -9999 -9999 0.3486518 0.4267944 0.4461294 2.056812 6.056545 11.14828 12.13174 12.0574 12.00212 11.94203 12.03991 12.11376 12.16297 12.09559 12.06198 11.97573 11.77307 10.54631 8.27129 7.832251 10.33435 10.41347
-9999 -9999 -9999 -9999 -9999 -9999 -9999 -9999 -9999 -9999 -9999 -9999 -9999 -9999 -9999 -9999 -9999 -9999 -9999 -9999 2.440565 8.316133 9.867597 8.338842 3.520902 0.04303509 -9999 -9999 -9999 -9999 -9999 -9999 -9999 -9999 -9999 -9999 2.278186 95.45204 32.62542 -9999 -9999 16.25785 10.6989 10.94575 -9999 0.04697705 0.2944023 3.070358 7.769068 8.266201 8.413987 9.378726 9.284072 10.19262 10.96797 12.41284 12.51332 12.38975 12.46498 12.37228 12.41045 12.4262 12.53345 12.24966 11.84224 11.95402 11.8048 11.96735 10.95925 12.14849 11.65137
-9999 -9999 -9999 -9999 -9999 -9999 -9999 -9999 -9999 -9999 -9999 -9999 -9999 -9999 -9999 -9999 -9999 -9999 0.5741305 4.509576 11.53617 11.91587 7.359331 0.410387 -9999 -9999 -9999 -9999 -9999 -9999 -9999 -9999 -9999 -9999 -9999 42.11438 252.3055 246.464 248.3567 156.0456 -9999 35.54278 110.8769 9.690984 75.48624 82.27837 15.97369 2.735001 8.887722 12.04462 13.12485 12.70094 13.15739 13.09909 12.8983 12.65831 13.00486 12.73961 12.62831 12.96242 12.87724 12.95966 12.48827 12.22561 11.88166 11.6986 10.26537 12.18911 12.48222 12.10061 11.96175
-9999 -9999 -9999 -9999 -9999 -9999 -9999 -9999 -9999 -9999 -9999 -9999 -9999 -9999 -9999 -9999 -9999 -9999 3.052306 7.916971 9.800071 12.44561 9.741064 1.254813 -9999 -9999 -9999 -9999 -9999 -9999 -9999 -9999 -9999 12.56448 115.4895 241.9463 305.0632 301.9966 278.9139 75.67379 151.5887 294.0424 132.0591 162.8557 193.026 242.3255 195.1635 37.17549 10.14933 7.133945 9.857973 13.73464 13.63953 13.73851 13.94332 13.10913 13.15298 13.32363 13.0145 13.03518 12.9195 12.42292 11.76393 12.15971 12.47195 12.38663 13.18841 13.80927 13.60827 13.55214 14.307
-9999 -9999 -9999 -9999 -9999 -9999 -9999 -9999 -9999 -9999 -9999 -9999 -9999 -9999 -9999 -9999 -9999 -9999 -9999 1.713659e-005 1.063099 3.834437 4.726688 4.62922 1.46761 6.108597 10.96236 0.3992313 -9999 -9999 -9999 -9999 -9999 19.46416 221.0583 291.608 319.3022 280.2716 279.9678 177.8014 22.29789 281.277 295.5432 294.9247 290.3935 277.0967 249.7346 129.6499 13.55556 10.47319 10.22648 14.37943 13.83863 13.61226 13.33861 13.44176 13.9951 14.53124 14.66375 14.66894 14.39028 14.0976 14.11995 14.23907 14.52078 14.47257 14.70259 15.16532 15.14744 15.20202 15.00711
8493.729 143.5416 99.24509 20.29046 -9999 -9999 -9999 -9999 -9999 -9999 -9999 -9999 -9999 -9999 -9999 13.33146 18.32039 1.856631 -9999 -9999 -9999 -9999 -9999 -9999 -9999 0.8760972 8.666514 20.36647 33.35559 30.73717 26.65016 31.20621 52.49023 24.37915 140.7036 270.7918 293.446 270.3569 280.1417 164.0693 75.75236 293.7946 252.0879 275.0229 315.1852 323.5317 198.8733 113.6011 108.5856 38.3758 13.82156 13.68153 13.06692 14.12297 6663.61 7447.321 13.96559 14.612 15.3306 15.77036 15.73743 15.55262 13.54942 11.76227 10.16551 9.373969 8.739714 10.1073 10.84086 12.22318 12.81158
22079.71 238.006 194.36 92.07253 54.31344 28.71868 84.47331 -9999 -9999 -9999 3.950777 20.54259 21.51987 5.306884 -9999 8.362338 7.001173 11.13637 19.86678 21.83916 24.548 10.35358 23.58849 25.27789 25.20807 35.204 20.52407 31.00653 41.8197 44.29584 52.32962 458.249 469.4153 327.067 219.3006 132.965 283.8663 295.1965 297.3613 300.4349 67.34863 132.3641 306.8838 296.8794 135.3877 337.232 342.1539 320.6403 339.2952 219.6221 17.00588 15.88633 14.67261 14.81526 440.9818 14.14666 14.27173 14.16303 15.15636 15.00858 12.84838 10.19661 8.021754 7.984722 7.996459 7.826746 7.979133 7.964256 7.879594 7.354042 7.700741
5683.173 1462.605 87.77444 84.08544 82.09904 84.05756 138.2005 100.0528 10.02064 -9999 2.938385 38.79171 19.37224 5.693987 5.591233 32.4619 42.84419 44.65174 43.06657 270.8851 1554.334 45.94975 46.30894 44.92249 43.63963 43.48937 43.98703 45.49451 110.7854 578.781 1350.34 1782.992 1334.04 442.812 350.2268 336.805 327.1924 319.5963 299.5851 195.5881 23.10227 230.4265 354.2515 347.0891 253.1991 313.8506 335.8276 324.1543 347.7603 112.2399 29.18777 23.81419 30.78376 29.2392 20.89864 23.21965 23.93821 23.71163 12.75917 7.991461 8.217175 8.268824 8.217609 8.377542 8.37332 8.393923 8.353908 8.182097 7.892735 7.740597 8.07144
189.205 72.44527 71.29797 86.40739 101.1452 104.2252 91.61206 49.18014 21.48688 51.18576 33.52485 55.19502 55.28102 41.3221 44.55939 56.96338 69.37872 92.39486 118.0411 117.1075 250.3592 639.8149 643.8854 633.3101 650.1895 618.5024 473.9946 470.8776 485.7594 1144.541 1213.336 752.2897 375.3292 318.0922 332.2036 328.5982 297.5817 269.1763 193.4431 175.81 326.5696 382.6393 370.3481 369.5867 342.9658 368.1459 383.0163 359.5877 332.867 349.929 103.6548 35.46114 35.04417 33.28784 33.94389 35.91758 24.11909 12.84402 8.704497 8.735716 8.461761 8.500754 8.630565 8.686147 8.752073 8.750929 8.747816 8.706741 8.553843 8.646553 8.64458
559.9145 524.9987 22.93472 18.13929 35.41139 -9999 52.5902 411.6205 314.7841 187.7645 163.371 128.4252 122.74 120.1068 112.452 122.0024 133.3321 136.9826 137.1149 147.3271 410.5223 479.3797 739.7281 778.5743 772.2681 813.1832 602.221 542.2643 933.4845 841.1597 404.323 350.9691 263.1655 390.8538 394.1217 394.94 393.1372 401.385 395.5639 374.903 391.9867 397.1601 390.3138 381.6299 352.3654 385.6525 387.8183 389.6018 349.91 375.3715 361.4387 147.1169 38.81522 38.64684 36.36662 35.87691 14.45817 9.058105 8.939892 9.034998 9.014661 9.08709 9.081636 9.11117 9.118266 9.108201 9.099328 9.072474 9.042575 9.133454 9.07362
819.4439 766.4872 221.5287 115.0031 334.1537 779.3704 14473 33230.25 573.0722 510.2451 409.5045 340.8881 195.9415 160.8289 169.7972 164.0993 191.0663 223.5368 337.3224 1722.038 1293.507 857.5798 1059.682 720.5574 559.491 558.5129 862.0213 1536.976 1535.251 1397.967 874.7082 875.6188 776.5583 936.3321 532.6678 700.8171 880.9001 611.3823 399.0706 397.3714 383.1531 359.9579 386.7731 382.8475 387.8643 356.5443 375.5082 394.5345 403.1313 420.7729 426.5974 404.674 323.7717 39.4924 38.40217 40.93019 34.56332 26.34336 19.62572 9.679402 9.371575 9.419346 9.434216 9.449418 9.416186 9.401321 9.386701 9.391025 9.424938 9.441354 9.457989
1101.531 1373.998 1222.235 737.5198 573.2546 656.629 728.3246 974.3759 924.9146 645.788 486.2924 420.1231 385.4259 360.4013 278.7018 266.6077 277.1345 400.4796 446.2813 1803.842 3740.853 1886.451 1086.517 408.0877 261.7466 251.3289 1055.353 1621.352 1546.842 1605.557 1594.173 1465.961 1333.261 1564.067 1584.667 1568.476 1552.26 1368.798 859.9501 753.7327 659.6154 505.6745 486.1121 394.475 358.5645 346.7411 414.6371 497.9211 449.516 431.0702 435.7244 439.4829 217.3393 41.55669 39.60666 42.36421 42.2732 42.39859 37.30762 11.44556 9.837825 9.844193 9.773998 9.68946 9.719005 9.762245 9.799588 9.815814 9.827568 9.814743 9.770901
2163.767 1722.355 743.8547 746.084 788.8574 824.6147 883.457 2356.646 1541.097 607.9984 573.9423 463.4079 392.6909 421.4076 400.1309 472.152 1518.978 1101.178 489.592 485.851 1296.26 1594.439 368.4755 168.7558 169.7229 169.6334 973.5356 1673.662 1667.589 1679.257 1677.456 1629.37 1510.317 1539.947 1648.02 1650.66 1489.655 1353.201 1229.846 1135.852 1278.132 1267.306 1378.023 1351.399 1116.962 985.5857 1186.1 1533.54 1445.815 1302.973 1022.17 557.7346 88.99107 43.73508 43.89164 42.64399 43.1527 32.64637 14.64326 10.13511 10.177 10.17052 10.18379 10.18424 10.17424 10.17722 10.18106 10.15762 10.15249 10.17327 10.18954
1623.537 21703.09 549.3816 690.4015 896.6152 852.4324 1125.04 1656.204 2249.446 1867.91 1311.687 1104.73 1140.204 6972.987 4369.133 829.2251 1525.947 22371.36 996.461 514.5278 534.7502 506.6551 502.794 390.1068 379.5004 408.224 586.3704 870.6266 1025.75 1456.471 1735.647 1734.417 1717.352 1715.406 1477.878 1616.576 1539.672 1599.917 1391.199 1470.921 1393.588 1512.02 1566.19 1592.905 1693.118 1705.353 1509.079 1637.42 1646.975 1637.933 1638.55 1527.788 694.2157 75.8819 73.35189 67.50928 43.16933 37.84671 10.95236 23.67686 24.66022 22.86893 12.31295 10.43823 10.46805 10.47901 10.47638 10.46127 10.50218 10.51457 10.52049
3295.7 2363.693 1275.642 1158.497 952.0689 1281.301 1535.696 1583.234 1463.318 1649.497 1246.341 974.3409 2461.079 2840.131 1685.665 1147.026 879.0442 628.3768 576.3077 1524.751 1673.516 1697.11 819.9438 684.9338 708.7796 724.6046 3297.73 2203.554 1016.638 403.4638 1480.322 1698.499 1549.268 1660.572 1662.801 1593.243 1462.372 1769.94 1746.423 1749.932 1743.923 1771.705 1761.735 1556.213 3862.521 470.1794 599.2469 562.6846 723.4537 570.7412 192.5488 233.6326 127.6674 128.3928 128.2546 127.92 118.082 107.4542 99.18209 114.3292 118.3241 117.7318 33.61983 10.84838 10.79643 10.8287 32.85063 10.95475 10.81419 10.81562 10.85755
3155.941 3241.914 2160.16 1829.352 24461.15 6000.13 27069.37 4938.391 2392.311 1432.884 964.9291 1135.681 1401.452 1385.226 1113.821 1445.897 2035.127 958.0214 1244.347 1870.439 1635.925 1868.525 1797.818 22376.31 3234.237 3392.293 2499.018 9703.948 3869.548 271.0525 324.5774 1212.503 1606.133 1647.543 1428.296 999.6909 362.3456 431.0931 675.7255 1400.535 1832.386 1838.932 1666.945 713.0677 139.1531 139.0591 130.8018 121.4868 128.454 152.6507 358.4213 216.4127 194.6177 195.5191 170.0837 144.9097 132.263 130.1753 125.8548 122.3575 121.6801 213.4542 290.7277 261.1016 311.5916 363.6834 429.5562 290.6273 245.1366 147.896 37.52755
5141.988 4374.905 2769.037 2569.677 2585.052 1910.159 4358.963 3705.322 4841.161 2881.477 1592.863 2610.95 4023.772 1702.609 1719.234 4838.388 42181.42 9950.622 3199.72 12381.88 3963.236 5449.532 11229.21 17597.02 11086.91 5636.066 14582.54 6733.494 2854.965 1730.335 1123.179 734.6276 2303.102 1333.28 888.8382 10419.76 490.5016 587.9157 359.4755 264.637 583.0637 1035.868 555.2606 132.9602 140.517 148.1802 153.8621 205.3838 636.2089 1039.128 1219.454 270.5849 222.4503 363.6174 317.0984 155.0165 136.3234 136.5614 135.562 6856.457 584.7759 452.214 463.1028 471.2908 471.7793 444.8275 378.5445 341.0554 328.9025 4452.198 294.8747
4504.146 10461.12 6435.439 3992.832 6704.842 19684.59 50981.07 37738.04 21987.29 11204.94 2583.547 3167.888 4200.134 5014.962 3627.915 4782.648 4682.082 2645.793 3037.993 6197.017 12442.26 8451.285 41866.25 50390.13 8407.558 9926.554 29207.25 19526.63 17980.63 7265.651 5861.875 3608.35 63499.34 3523.25 1831.696 1030.563 987.6909 991.9329 832.2642 706.3275 1272.614 1552.625 1089.163 250.4167 221.1833 224.8329 395.9338 335.6876 593.4786 750.3593 1223.688 1831.792 2627.045 737.4091 500.1664 330.9494 433.9106 434.2876 523.7103 960.8839 1128.243 718.5081 769.8132 857.9336 945.3425 1429.348 814.6964 612.425 313.0596 4254.542 1144.562
2359.113 7529.418 31959.15 23254.65 55561.37 38472.13 13615.5 43207.11 32483.39 11277.49 108425.4 31974.42 5003.271 7461.339 73606.65 16421.86 11430.97 10950.36 9715.387 15595.87 73745.13 25866.41 8427.818 7570.295 7910.811 5638.452 13402.12 128676 26297.85 11417.34 10860.06 3719.067 6928.706 9915.663 3886.748 3628.265 9273.889 2540.866 1472.957 1251.32 1572.261 2427.444 1671.154 922.4948 907.0928 489.5331 507.9747 424.9048 471.1237 648.3674 2410.133 29866.9 34783.21 7738.269 3708.668 3234.672 3086.705 14696.02 1921.401 41835.7 25977.47 8510.917 10637.27 2383.316 2245.729 1524.604 880.3782 1026.254 23327.94 1046.762 1504.111
6302.316 6743.547 9718.171 49775.61 884079 119299.6 25191.34 11816.88 10310.26 20388.5 19007.28 10470.51 8036.113 14956.84 24777.14 38825.12 86624.66 12967.88 34824.89 57332.16 10463.45 13482.69 13334.31 7632.848 7444.386 8418.315 17156.97 23571.89 103880.9 5087.549 4280.173 5465.748 31464.81 2967.819 2563.217 5064.441 11265.45 2767.191 3688.506 4561.972 37994.45 4292.961 3114.842 2382.754 3099.335 3604.729 1547.045 1159.933 2064.696 47439.91 17519.78 11954.47 18329.75 41267.1 2195.261 2810.233 7063.959 4155.721 1671.621 30949.23 4787.113 4316.22 1540.367 2032.851 1831.25 1300.795 899.6394 1135.545 1116.814 1131.604 688.6582
8016.655 6050.354 9339.699 34609.35 63225.91 28416.26 46090.55 6553.23 8783.539 6633.888 13886.59 10079.63 32584.91 10565.55 9499.478 53627.75 14828.24 10546.53 11468.5 24063.15 29549.15 17832.1 41405.5 78457.32 8391.968 11036.46 16466.87 12340.6 25831.69 3844.917 2938.26 3859.481 2699.66 2342.517 2927.189 9201.193 9139.005 3218.254 5171.257 6018.782 66600.47 6106.563 3088.436 2051.911 2501.748 2599.677 2225.218 2408.956 3390.446 32649.8 51490.57 4136.099 11179.19 29881.31 2819.666 3477.877 2956.112 2660.372 2346.719 1293.071 1234.431 1138.252 966.5328 924.9753 1108.52 980.0114 980.2216 5379.313 1964.736 4722.001 494.4694
10133.43 48128.14 7002.982 13551.24 13608.31 20116.07 11295.47 8559.103 8418.681 6574.81 8747.915 23719.55 34660.56 13746.3 7167.507 20930.7 79361.31 86235.7 11419.98 11507.26 6755.448 8050.327 43508.77 17161.72 4858.08 19498.72 25145.87 5908.235 3702.326 6036.466 24081.92 6339.631 2503.352 2327.568 3149.486 5393.774 12669.03 5774.625 1692.096 1227.212 1647.834 2501.556 1790.724 2125.265 2935.365 4710.878 3703.812 2954.518 6727.374 5143.017 66261.05 8444.226 3523.01 26679.35 55090.94 6608.663 3444.201 3460.417 35764.87 1857.333 994.9993 967.9765 733.6614 521.7283 563.4472 817.3297 960.4908 1391.656 1920.129 6059.983 8812.294
