manual/examples/resources/data/gpw/gpw_v4_basic_demographic_characteristics_rev10_a000_014mt_2010_dens_1_deg.asc
ncols         360
nrows         145
xllcorner     -180
yllcorner     -60
cellsize      0.99999999999994
NODATA_value  -9999
[rows 64 to 95 of 145, columns 142 to 212 of 360]
-9999 -9999 -9999 -9999 -9999 -9999 -9999 -9999 -9999 -9999 -9999 -9999 -9999 -9999 -9999 -9999 -9999 -9999 -9999 -9999 191.7094 0.03787956 0.09032974 0.1211019 0.5556861 0.1426506 0.01449686 0.014293 0.01484117 0.01538918 0.01772481 0.02063045 0.03073201 0.02233375 0.02109351 0.02109275 0.02079044 0.03010378 0.03715891 0.06728823 0.05246206 0.02580076 0.02909357 0.04214101 0.09196645 0.319922 0.05061757 0.05060001 0.05018134 0.01437754 0.01437754 0.01437754 0.01437754 0.02062568 0.04262601 0.02999637 0.02496329 0.02498943 0.04264819 0.07796167 0.0401862 0.01928566 0.01924362 0.1140888 0.1137223 0.1133085 0.1130795 0.1129876 0.1127076 0.1127548 0.4341073
-9999 -9999 -9999 -9999 -9999 -9999 -9999 -9999 -9999 -9999 -9999 -9999 -9999 -9999 -9999 -9999 -9999 -9999 -9999 -9999 -9999 0.1169031 0.1111286 0.1176428 0.1665801 0.06358835 0.1421491 0.0134901 0.01225414 0.01294577 0.02014532 0.0203265 0.0304838 0.0285808 0.02109351 0.04194111 0.06860305 0.02176785 0.09107368 0.1698062 0.09059484 0.0327195 0.05916214 0.1152505 0.355938 0.3783121 0.05913101 0.05060001 0.05025086 0.01437754 0.01437754 0.01437754 0.01437754 0.02300705 0.04022612 0.02546319 0.02496329 0.05854886 0.09325 0.09324999 0.09324999 0.07586713 0.2125956 0.2126032 0.2126032 0.3897577 0.5656505 0.56268 2.155209 0.6589359 0.7654176
-9999 -9999 -9999 -9999 -9999 -9999 -9999 -9999 -9999 -9999 -9999 -9999 -9999 -9999 -9999 -9999 -9999 -9999 -9999 -9999 -9999 37.74521 12.38968 0.2305569 0.2730048 0.4171843 0.3345782 0.04531231 0.009850468 0.01515814 0.0203265 0.0203265 0.02913132 0.07045852 0.03836904 0.04847841 0.1462296 0.3264614 0.2146571 0.452583 0.143716 0.02934103 0.1624385 0.2128509 0.3772988 0.3441961 0.08604059 0.05582672 0.0989638 0.01437754 0.01437754 0.01437754 0.01437754 0.02608321 0.06161804 0.06707329 0.06714771 0.124282 0.09532156 0.09324999 0.09324999 0.09324999 0.2125886 0.2126032 0.2126032 0.3054299 0.3985579 0.3966507 0.4317876 1.418548 1.999278
-9999 -9999 -9999 -9999 -9999 -9999 -9999 -9999 -9999 -9999 -9999 -9999 8.949234 44.0644 -9999 -9999 -9999 -9999 -9999 -9999 -9999 1.911634 1.810299 0.7109947 1.104085 1.145474 0.6046611 0.2924933 0.1414334 0.08739767 0.02043808 0.0203265 0.03124013 0.03672749 0.1395928 0.1526068 0.6710016 0.5573142 0.4182276 0.3069294 0.05378307 0.06750963 0.1671603 0.2075536 0.2394742 0.9062387 1.697991 1.136924 0.8048794 0.04245729 0.07977869 0.09797757 0.09863918 0.08194714 0.07609623 0.076103 0.1506781 0.2934963 0.1942888 0.09324999 0.09634697 0.0997372 0.2125893 0.2126032 0.2126032 0.2419448 0.2707667 0.4086682 0.7428918 1.025143 2.429789
-9999 -9999 -9999 -9999 -9999 -9999 -9999 -9999 -9999 -9999 -9999 -9999 13.45405 16.80403 -9999 5.675578 -9999 -9999 -9999 -9999 -9999 8.798964 6.38416 4.887196 4.33743 2.938606 2.192239 1.427525 1.179156 0.9903206 1.533494 0.2655394 0.3802523 0.674144 5.942379 1.635602 0.800218 3.842427 1.173917 0.3644439 0.146071 0.103877 0.3711574 1.082564 1.123012 0.3075851 0.446531 0.2300132 0.1473642 0.1410218 0.09987806 0.09987806 0.1203822 0.3015752 0.1893587 0.08098281 0.2280153 0.3042916 0.1945046 0.09325 0.8639031 1.111625 0.3244154 0.2126032 0.2234606 0.5288517 0.569966 0.7767156 0.8606084 8.864669 23.17769
-9999 -9999 -9999 -9999 -9999 -9999 -9999 -9999 -9999 -9999 -9999 -9999 -9999 10.10122 40.63594 1.640406 -9999 -9999 -9999 -9999 29.26869 21.95557 6.292983 2.883325 6.141861 5.34351 2.931675 3.867246 5.133948 2.516194 2.344677 1.564466 1.387255 3.442509 4.856841 1.449953 1.056728 0.7248884 2.27567 1.589019 1.199141 1.696612 3.191907 5.327891 3.403664 1.352316 2.661413 2.640463 0.1411053 0.1409583 0.09987805 0.1049073 0.3413679 0.417484 0.4517612 0.4981084 0.5933115 0.9840721 1.350008 2.005889 2.119876 0.9876063 0.3880209 0.2126032 0.2131082 0.7690329 0.7883206 0.8989767 1.112913 1.450247 73.46458
-9999 -9999 -9999 -9999 -9999 -9999 -9999 -9999 -9999 -9999 -9999 -9999 -9999 14.2707 18.84915 -9999 -9999 -9999 -9999 -9999 520.8262 48.10477 21.63841 3.806804 2.794958 4.050762 8.278802 4.560375 4.637841 1.820099 2.255257 3.062486 6.457375 9.451504 11.41077 5.419613 4.58676 6.711318 7.132985 8.574514 5.259204 5.331945 10.01079 22.27261 18.61411 13.88775 8.529721 8.456491 2.050803 0.9797425 1.379934 1.658021 1.265375 2.274182 0.6803525 0.675993 1.11213 1.508217 2.914246 4.034968 3.861911 2.291466 1.080184 2.83568 1.612488 0.9339862 0.8062533 1.451413 2.184918 4.48243 21.18413
-9999 -9999 -9999 -9999 -9999 -9999 -9999 -9999 -9999 -9999 -9999 -9999 -9999 -9999 -9999 -9999 -9999 -9999 -9999 -9999 -9999 45.66324 17.0788 10.14354 5.406457 2.667103 2.577046 2.752795 4.019736 3.698193 8.136565 13.32269 12.1115 11.75892 9.53102 17.57206 17.51415 13.28171 8.629392 9.579238 28.58045 13.73347 14.61917 47.29019 26.42256 41.03859 40.72285 19.44301 6.251814 5.000578 6.273143 7.895717 5.232549 8.507267 3.508893 2.072899 1.207204 1.665584 4.097211 7.089989 9.177061 9.281029 11.10147 6.809381 1.852825 2.490808 3.436465 5.587391 7.566759 5.932428 18.63733
-9999 -9999 -9999 -9999 -9999 -9999 -9999 -9999 -9999 -9999 -9999 -9999 -9999 -9999 -9999 -9999 -9999 -9999 -9999 -9999 -9999 14.74235 12.61161 10.10867 5.50223 3.411959 2.789221 2.215606 3.113891 20.40285 35.12648 10.11429 16.11313 11.48063 11.18079 21.31487 48.92729 21.40396 8.089762 5.163624 8.514663 16.86438 34.90659 28.9099 37.39668 64.13038 111.3655 41.0012 35.19256 10.46055 10.19352 13.06877 21.63858 18.09301 3.649672 3.280113 3.718227 2.44893 1.977851 4.859281 6.25109 4.679772 10.75851 8.764772 2.652946 3.778215 3.739475 4.14797 6.817479 4.876974 6.278911
-9999 -9999 -9999 -9999 -9999 -9999 -9999 -9999 -9999 -9999 -9999 -9999 -9999 -9999 -9999 -9999 -9999 -9999 -9999 -9999 -9999 5.062497 19.8693 3.630261 4.656252 15.86907 4.768763 3.333759 8.669845 8.996794 7.130768 8.668886 13.13846 21.21296 11.59769 10.90154 11.33669 21.93879 11.18745 6.692896 7.914124 12.76759 23.20548 21.95697 18.73627 72.71526 131.3073 50.23761 41.36184 20.46934 9.698439 29.8181 17.57276 5.804756 2.222972 2.379532 2.982586 1.575784 1.838342 2.028823 3.466331 5.730366 14.3087 10.10085 6.552019 3.456556 2.552317 2.569062 2.812076 2.299398 2.234902
-9999 -9999 -9999 -9999 -9999 -9999 -9999 -9999 -9999 -9999 -9999 -9999 -9999 -9999 -9999 -9999 -9999 -9999 -9999 -9999 -9999 -9999 5.522191 14.06412 8.740911 10.55099 5.327976 4.206227 8.844094 3.706812 3.196021 7.603224 10.29114 9.673769 8.775892 10.01862 7.969525 19.51936 19.77594 10.99151 7.962735 7.570116 9.938922 12.06641 12.79463 40.72483 28.8742 19.72132 20.69053 36.82344 16.73259 40.30305 31.43576 11.77171 4.086258 2.69404 1.443566 1.518825 1.702487 0.4524519 0.4102572 4.006138 7.750287 3.333207 4.924387 2.894206 1.777267 1.498384 1.434026 1.681565 1.902807
-9999 -9999 -9999 -9999 -9999 -9999 -9999 -9999 -9999 -9999 -9999 -9999 -9999 -9999 -9999 -9999 -9999 -9999 -9999 -9999 -9999 -9999 -9999 19.88277 75.40967 11.52364 5.778785 6.338301 4.598726 2.825958 2.897388 4.899229 12.10457 2.85723 2.968373 6.016174 3.743756 15.46251 11.09006 15.86129 10.90423 7.063212 6.887144 17.99894 23.49817 35.70423 49.46997 29.92876 11.58236 27.11674 26.38604 21.29794 13.15446 17.4714 9.26576 6.909238 3.646517 2.205194 0.4374224 0.2640123 0.2361198 1.451973 2.451163 0.2088144 4.666724 7.547678 5.167485 4.492772 2.802785 5.42937 1.932115
-9999 -9999 -9999 -9999 -9999 -9999 -9999 -9999 -9999 -9999 -9999 -9999 -9999 -9999 -9999 -9999 -9999 -9999 -9999 -9999 -9999 -9999 -9999 -9999 118.8859 16.08067 12.19019 16.35138 6.814842 6.046065 3.577325 4.61798 5.786864 3.406134 3.029624 5.853388 3.99336 7.734841 10.63187 10.16433 9.761787 20.11176 41.41783 21.74529 16.22832 23.87035 23.6328 16.68356 9.878776 13.80292 9.239896 7.505598 3.843267 10.83535 13.57986 11.1006 4.467321 0.269798 0.1905593 0.200817 0.1036349 0.5567657 0.5935188 0.2088144 1.893969 5.33171 7.351163 4.960327 4.152397 3.597779 4.697699
-9999 -9999 -9999 -9999 -9999 -9999 -9999 -9999 -9999 -9999 -9999 -9999 -9999 -9999 -9999 -9999 -9999 -9999 -9999 -9999 -9999 -9999 -9999 -9999 14.66103 8.391964 20.00035 4.529531 6.279026 17.41483 16.17819 13.41412 14.93786 12.11582 8.626421 18.83568 15.6427 5.682785 18.13034 20.98113 23.57327 64.63313 84.98196 73.37868 41.59319 34.0132 34.87833 26.94019 8.916241 4.153336 2.22659 4.163262 3.651905 4.631059 4.679306 2.143442 1.422389 0.7121375 0.1239302 0.5133406 0.2854548 0.05222922 0.01990867 0.1310981 0.591679 1.948213 3.310764 5.206666 3.36368 3.357291 3.76949
-9999 -9999 -9999 -9999 -9999 -9999 -9999 -9999 -9999 -9999 -9999 -9999 -9999 -9999 -9999 -9999 -9999 -9999 -9999 -9999 -9999 -9999 -9999 -9999 -9999 -9999 8.239661 31.48972 5.982642 8.14733 14.64753 23.11477 23.28142 11.61343 14.06235 18.24506 60.85634 27.80211 26.10256 75.50932 107.5999 301.1129 35.61827 32.71627 69.21589 81.88354 44.50655 20.6299 21.89761 9.086016 3.200261 3.775275 3.196438 3.357779 2.14249 2.814926 1.197444 1.724757 0.3135062 0.8643184 0.3808318 0.06180588 0.0705561 0.01275315 0.6886539 0.7764499 1.857625 3.718048 4.600279 3.458389 2.442949
-9999 -9999 -9999 -9999 -9999 -9999 -9999 -9999 -9999 -9999 -9999 -9999 -9999 -9999 -9999 -9999 -9999 -9999 -9999 -9999 -9999 -9999 -9999 -9999 -9999 -9999 -9999 49.07832 4.061146 2.551656 4.409891 18.93587 14.97694 75.37199 45.73843 13.01511 31.4364 121.1519 33.33963 93.10502 -9999 -9999 44.60793 53.42582 74.17563 145.2688 21.17825 10.90181 38.21154 4.025324 1.266647 2.848618 2.211106 1.873462 1.579793 1.158506 0.6503878 1.832593 2.976705 1.583473 0.2990215 0.2699621 0.210078 0.6388986 0.49172 1.149374 2.306556 1.648915 2.204327 3.586116 2.24675
-9999 -9999 -9999 -9999 -9999 -9999 -9999 -9999 -9999 -9999 -9999 -9999 -9999 -9999 -9999 -9999 -9999 -9999 -9999 -9999 -9999 -9999 -9999 -9999 -9999 -9999 -9999 -9999 18.53208 3.671457 10.63949 28.20806 16.58497 -9999 -9999 20.19049 159.4504 -9999 -9999 -9999 -9999 -9999 -9999 31.43311 65.42034 156.3952 56.64828 37.43354 4.078607 7.416245 2.422906 2.304108 2.807368 3.647632 1.932732 1.678288 18.04933 4.987472 4.73833 3.830404 2.759609 1.097064 1.094841 0.6404631 0.5340158 1.135823 2.118235 2.278877 5.390161 4.98413 4.945566
-9999 -9999 -9999 -9999 -9999 -9999 -9999 -9999 -9999 -9999 -9999 -9999 -9999 -9999 -9999 -9999 -9999 -9999 -9999 -9999 -9999 -9999 -9999 -9999 -9999 -9999 -9999 -9999 -9999 -9999 -9999 -9999 -9999 -9999 -9999 -9999 -9999 -9999 -9999 -9999 -9999 -9999 -9999 -9999 -9999 -9999 32.23539 70.14842 4.087791 43.69118 2.475142 1.479667 1.622224 1.563383 1.393528 1.787162 4.091832 12.68268 6.901758 4.550026 3.24737 1.482808 1.53922 1.759725 2.190435 2.524534 1.565244 4.088767 22.45664 25.5186 9.559118
-9999 -9999 -9999 -9999 -9999 -9999 -9999 -9999 -9999 -9999 -9999 -9999 -9999 -9999 -9999 -9999 -9999 -9999 -9999 -9999 -9999 -9999 -9999 -9999 -9999 -9999 -9999 -9999 -9999 -9999 -9999 -9999 -9999 -9999 -9999 -9999 -9999 -9999 -9999 -9999 -9999 -9999 -9999 -9999 -9999 -9999 -9999 5.783438 4.117075 3.918165 1.770232 1.479149 1.077289 1.013645 0.6661876 0.8629569 6.5521 7.754738 7.254414 7.388254 6.971743 2.79227 2.109981 2.554137 2.493827 5.143004 4.050182 5.278604 37.32393 17.28855 30.44849
-9999 -9999 -9999 -9999 -9999 -9999 -9999 -9999 -9999 -9999 -9999 -9999 -9999 -9999 -9999 -9999 -9999 -9999 -9999 -9999 -9999 -9999 -9999 -9999 -9999 -9999 -9999 -9999 -9999 -9999 -9999 -9999 -9999 -9999 -9999 -9999 -9999 -9999 -9999 -9999 -9999 -9999 -9999 -9999 -9999 10.62038 -9999 9.818539 4.735889 3.816648 0.7000006 0.3248864 0.3790635 0.3656138 0.4784895 0.8836535 2.320217 3.74741 4.18882 5.003723 2.402488 2.224488 2.579414 2.010437 1.167043 2.595681 2.044399 8.766615 32.28693 23.29957 18.84997
-9999 -9999 -9999 -9999 -9999 -9999 -9999 -9999 -9999 -9999 -9999 -9999 -9999 -9999 -9999 -9999 -9999 -9999 -9999 -9999 -9999 -9999 -9999 -9999 -9999 -9999 -9999 -9999 -9999 -9999 -9999 -9999 -9999 -9999 -9999 -9999 -9999 -9999 -9999 -9999 -9999 -9999 -9999 -9999 39.61372 -9999 -9999 22.9604 0.4054349 0.4549736 0.3517453 0.3750573 0.6660012 0.5303152 0.4609709 0.9622971 3.494355 3.253088 2.661874 2.71398 2.591138 3.167249 6.339022 12.78826 0.9845631 1.186041 10.99941 46.24874 39.67607 28.28737 103.1481
-9999 -9999 -9999 -9999 -9999 -9999 -9999 -9999 -9999 -9999 -9999 -9999 -9999 -9999 -9999 -9999 -9999 -9999 -9999 -9999 -9999 -9999 -9999 -9999 -9999 -9999 -9999 -9999 -9999 -9999 -9999 -9999 -9999 -9999 -9999 -9999 -9999 -9999 -9999 -9999 -9999 -9999 -9999 -9999 4.626242 -9999 3.483063 3.802728 0.7853609 0.3546479 0.499757 0.4999849 0.7461057 0.7756971 0.7767814 1.688211 8.484921 2.761342 2.808156 2.894264 2.264507 2.446733 1.93978 1.392691 1.959389 1.814073 7.951827 30.42214 45.20825 38.88839 32.49535
-9999 -9999 -9999 -9999 -9999 -9999 -9999 -9999 -9999 -9999 -9999 -9999 -9999 -9999 -9999 -9999 -9999 -9999 -9999 -9999 -9999 -9999 -9999 -9999 -9999 -9999 -9999 -9999 -9999 -9999 -9999 -9999 -9999 -9999 -9999 -9999 -9999 -9999 -9999 -9999 -9999 -9999 -9999 33.1509 -9999 -9999 1.094775 1.007726 0.481594 0.6442354 0.9159877 4.20914 0.7419001 0.8662344 1.790429 3.655223 3.517772 2.175762 0.6174872 0.9457127 1.870347 1.823087 1.627339 1.450504 2.174981 2.952821 20.59608 91.67205 56.75041 28.47419 151.9874
-9999 -9999 -9999 -9999 -9999 -9999 -9999 -9999 -9999 -9999 -9999 -9999 -9999 -9999 -9999 -9999 -9999 -9999 -9999 -9999 -9999 -9999 -9999 -9999 -9999 -9999 -9999 -9999 -9999 -9999 -9999 -9999 -9999 -9999 -9999 -9999 -9999 -9999 -9999 -9999 -9999 -9999 -9999 -9999 -9999 -9999 -9999 0.3026254 0.5792859 1.04932 1.375596 1.394169 1.010522 0.8704891 4.871718 2.260627 2.743804 2.066044 1.405919 0.8944371 0.08295333 0.01989559 0.1575936 4.276184 2.796251 2.888383 48.61406 84.64602 55.92467 18.18623 58.59149
-9999 -9999 -9999 -9999 -9999 12.21024 -9999 -9999 -9999 -9999 -9999 -9999 -9999 -9999 -9999 -9999 -9999 -9999 -9999 -9999 -9999 -9999 -9999 -9999 -9999 -9999 -9999 -9999 -9999 -9999 -9999 -9999 -9999 -9999 -9999 -9999 -9999 -9999 -9999 -9999 -9999 -9999 -9999 -9999 -9999 -9999 -9999 -9999 0.2693005 0.7409906 1.979422 1.83857 1.407063 0.8039477 1.713314 5.479117 2.558834 2.247192 1.4023 1.242888 0.1003805 -9999 0.227943 2.69204 5.521011 3.872368 12.20583 78.92037 33.26929 10.2321 24.08051
7.292685 3.572734 -9999 -9999 -9999 -9999 -9999 -9999 -9999 -9999 -9999 -9999 -9999 -9999 -9999 -9999 -9999 -9999 -9999 -9999 -9999 -9999 -9999 -9999 -9999 -9999 -9999 -9999 -9999 -9999 -9999 -9999 -9999 -9999 -9999 -9999 -9999 -9999 -9999 -9999 -9999 -9999 -9999 -9999 -9999 -9999 -9999 -9999 -9999 28.25311 3.282285 6.721355 3.697018 140.5228 5.042669 5.718648 12.62711 10.93326 5.743773 6.824054 5.853187 1.397994 0.213338 2.225504 7.086349 4.476183 6.944804 44.19252 14.76966 3.013333 13.49563
4.48305 2.98912 22.48019 -9999 -9999 -9999 -9999 -9999 -9999 -9999 -9999 -9999 -9999 -9999 -9999 -9999 -9999 -9999 -9999 -9999 -9999 -9999 -9999 -9999 -9999 -9999 -9999 -9999 -9999 -9999 -9999 -9999 -9999 -9999 -9999 -9999 -9999 -9999 -9999 -9999 -9999 -9999 -9999 -9999 -9999 -9999 -9999 -9999 -9999 1.49499 18.02551 18.30857 10.01888 8.857253 5.614649 6.83672 16.3013 9.604575 8.521614 10.45472 27.45426 7.445359 4.886983 4.788303 6.730997 4.614887 3.721641 7.500613 3.504837 3.970876 7.724998
3.759233 3.846773 10.72913 14.82427 -9999 -9999 -9999 -9999 -9999 -9999 -9999 -9999 -9999 -9999 -9999 -9999 -9999 -9999 -9999 -9999 -9999 -9999 -9999 -9999 -9999 -9999 -9999 -9999 -9999 -9999 -9999 -9999 -9999 -9999 -9999 -9999 -9999 -9999 -9999 -9999 -9999 -9999 -9999 -9999 -9999 -9999 -9999 -9999 -9999 -9999 6.907578 1.453708 4.250926 4.769342 4.994803 4.401826 3.693137 7.014359 14.69187 13.65506 15.63629 75.52699 13.44559 7.550037 3.612556 3.17725 4.160196 4.222383 4.164113 3.968845 0.6559398
5.537405 3.800802 20.28808 107.8658 -9999 -9999 -9999 -9999 -9999 -9999 -9999 -9999 -9999 -9999 -9999 -9999 -9999 -9999 -9999 -9999 -9999 -9999 -9999 0.4784068 -9999 -9999 -9999 -9999 -9999 -9999 -9999 -9999 -9999 -9999 -9999 -9999 -9999 -9999 -9999 -9999 -9999 -9999 -9999 -9999 -9999 -9999 -9999 -9999 -9999 -9999 0.9704382 1.263249 5.675487 17.71808 2.36488 4.090011 4.164779 2.65937 4.683224 6.395353 9.221595 14.41574 4.471159 7.023713 11.75736 8.559163 4.591937 4.46847 5.825816 9.910324 0.4359822
3.864965 10.25301 21.61633 590.1697 -9999 -9999 -9999 -9999 -9999 -9999 -9999 -9999 -9999 -9999 -9999 -9999 -9999 -9999 -9999 -9999 -9999 -9999 -9999 -9999 -9999 -9999 -9999 -9999 -9999 -9999 -9999 -9999 -9999 -9999 -9999 -9999 -9999 -9999 -9999 -9999 -9999 -9999 -9999 -9999 -9999 -9999 -9999 -9999 -9999 -9999 -9999 77.47461 4.140052 3.851105 1.495341 2.153602 2.096976 0.5026374 1.926995 3.238212 2.227742 2.619581 3.344047 4.655768 10.04352 5.833728 5.693013 5.67889 3.080546 10.10526 11.03094
7.092785 14.42955 38.28029 -9999 -9999 -9999 -9999 -9999 -9999 -9999 -9999 -9999 -9999 -9999 -9999 -9999 -9999 -9999 -9999 -9999 -9999 -9999 -9999 -9999 -9999 -9999 -9999 -9999 -9999 -9999 -9999 -9999 -9999 -9999 -9999 -9999 -9999 -9999 -9999 -9999 -9999 -9999 -9999 -9999 -9999 -9999 -9999 -9999 -9999 -9999 121.318 20.25196 6.103236 3.5541 11.0862 1.177175 1.258764 1.007889 3.306345 1.272733 2.549966 2.580474 3.125634 4.775129 4.654911 3.414095 7.214465 3.321603 2.754121 4.728642 9.332719
15.73496 9.789745 -9999 -9999 -9999 -9999 -9999 -9999 -9999 -9999 -9999 -9999 -9999 -9999 -9999 -9999 -9999 -9999 -9999 -9999 -9999 -9999 -9999 -9999 -9999 -9999 -9999 -9999 -9999 -9999 -9999 -9999 -9999 -9999 -9999 -9999 -9999 -9999 -9999 -9999 -9999 -9999 -9999 -9999 -9999 -9999 -9999 -9999 -9999 -9999 -9999 3.974434 9.483367 2.801746 2.272959 1.461201 0.7581287 1.320402 1.518563 0.6742088 3.242396 3.773146 3.149068 3.418123 9.233638 4.083019 4.86257 3.40467 3.69002 3.081733 2.447748
