manual/examples/resources/data/gpw/gpw_v4_basic_demographic_characteristics_rev10_a000_014bt_2010_cntm_1_deg.asc
ncols         360
nrows         145
xllcorner     -180
yllcorner     -60
cellsize      0.99999999999994
NODATA_value  -9999
[rows 32 to 63 of 145, columns 213 to 283 of 360]
21102.43 16301.97 30314.37 53902.21 21897.67 35884.07 101865.1 32246.39 66498.59 15632.72 18260.95 17415.17 14132.19 14485.26 21198.05 16550.06 20745.62 13299.97 9447.656 23984.08 13154.9 9158.083 24831.26 13518.43 6037.866 22525.49 5959.485 8010.198 5871.943 9685.554 21781.08 6575.213 3170.402 5053.933 4959.393 7216.317 18788.67 11020.68 3610.588 3272.202 2723.89 6378.331 6234.466 26327.98 47485.71 12467.73 8335.825 8495.084 9041.025 12549.97 7567.162 20726.32 35626.94 5006.541 3774.23 4216.862 1938.126 7094.303 7251.528 1877.514 1768.619 3346.387 1820.653 292.4855 294.9706 424.1522 310.7288 569.9885 2099.293 4910.743 68171.87
48665.22 24282.49 31181.14 81169.09 44941.72 39242.14 160130.8 20260.92 17657.98 27314.48 20093.43 11688.19 106739.6 77339.22 28691.02 14531.05 8215.436 25167.19 29030.2 16398.95 10206.56 13351.5 103837.1 9510.441 14117.93 66335.74 10512.16 6403.08 4498.222 1850.766 2555.292 1614.986 3053.874 3603.178 3379.229 6807.422 6088.79 33490.99 66210.03 11162.51 3969.318 10083.64 7694.45 6277.966 7293.701 2996.452 4843.695 6040.322 33279.78 7561.516 4184.896 6028.843 20265.53 9657.155 1805.297 1219.814 2463.751 7545.97 4700.965 5436.31 5615.226 37143.21 1804.785 882.178 823.8248 849.2961 969.903 982.5241 1449.167 2876.34 10411.65
33145.69 70233.85 34036.43 194746.7 33725.55 29646.49 30374.85 23776.59 15099.61 15295.32 19204.98 11644.2 30671.13 9411.143 7155.107 6799.053 5607.932 10281.36 7535.138 4096.337 4861.756 4785.753 4134.987 17318.34 91073.8 5917.158 5152.979 2114.6 1514.054 1099.59 701.1683 825.7661 1133.111 3037.437 3342.116 3125.801 1603.879 14578.74 49088.35 14879.38 27386.02 44385.16 3601.085 1830.285 2419.555 4119.191 11216.32 13476.33 18291.53 17259.86 16779.93 6661.155 2664.779 2398.206 1655.58 1276.768 2074.631 3048.885 4727.35 5723.475 3141.014 2969.678 2140.102 1273.202 448.3937 1266.727 1591.248 1769.521 933.0083 1842.568 2632.557
76862.77 72356.99 34444.45 149642.6 34977.15 27526.77 19900.27 17367.46 9969.93 7398.586 13168.92 10034.41 10402.11 4574.058 3275.872 2867.852 2626.19 2155.282 2704.771 2771.088 2931.588 3107.358 3813.296 5937.069 5651.758 4618.648 2932.303 1113.505 987.6334 828.8086 597.3143 652.467 1081.861 2442.906 2616.852 987.0064 903.3817 942.278 4104.197 30794.83 47000.85 20891.07 2406.38 3601.958 15399.66 12120.04 4179.598 3821.344 10385.16 37997.8 16995.09 7379.489 3646.661 2866.253 1639.685 2667.148 5746.855 2939.201 6331.541 2300.373 1478.337 1801.392 2545.401 1569.074 1395.877 1863.318 2533.329 14308.54 3614.845 2185.257 1357.479
70498.61 135957.3 146103.5 39204.94 203028.5 241165.2 141242.4 46918.14 16611.73 9855.834 13575.86 213394.9 11065.64 11180.59 2652.752 2078.848 1982.849 3247.806 4750.134 3888.354 2886.345 2719.489 1358.902 2058.919 4080.204 2995.233 1865.848 1022.315 781.8838 645.592 582.5283 1590.4 2123.358 2293.891 2298.589 2215.828 1656.825 1284.658 1346.265 1180.849 1156.52 2421.678 3196.1 3203.479 5691.586 4072.403 1695.716 2499.023 3100.114 3696.671 2392.622 2320.357 3581.504 12435.02 3131.155 6498.114 12023.69 3689.418 5688.312 1585.284 872.407 1071.15 1361.609 1187.337 1783.122 3478.769 3378.793 3317.357 3532.649 2844.985 5234.552
107962.5 69264.42 139425.6 26880.93 183509 92220.99 230745.9 96785.85 22815.02 34271.13 8973.174 4485.668 3736.777 6661.369 7130.54 6959.771 5532.222 4443.373 14315.93 35721.1 7508.23 5213.833 887.9649 703.895 1017.522 1537.952 1422.923 1633.242 3355.442 1831.017 1526.179 2224.395 2338.787 2343.227 2324.521 2318.434 1599.252 1370.398 1303.388 1184.537 1500.47 2609.195 3669.451 3657.967 2920.233 2967.078 2617.278 4182.181 4088.787 3834.128 3888.665 4154.329 8956.833 15146.6 27318.18 14709.61 5703.748 3821.12 9622.049 2072.125 1174.528 856.9951 987.4185 6613.609 1131.625 1376.395 1842.035 2492.376 9242.219 5260.192 4143.706
49307.88 26142.46 35258.16 22243.87 5304.438 39827.71 45078.26 28918.02 26016.36 13478.85 6346.533 24309.94 2204.051 4222.792 39638.55 77825.21 4622.546 621.7287 11629.38 17965.32 4726.22 5311.063 3626.375 1562.347 826.1166 1427.545 2336.669 2900.761 3865.876 4723.197 6378.793 3539.137 2641.295 2471.387 2397.142 2186.41 1403.515 1397.695 1267.005 1199.826 1845.56 1591.869 1890.336 3148.625 3670.495 4336.287 5405.058 4773.381 3815.365 21120.49 46227.14 8503.993 5329.288 3218.878 5895.146 4723.221 8015.714 12129 2662.265 1634.471 1535.65 1108.819 2297.775 4778.84 1229.494 1232.345 1905.747 11336.95 4570.804 13477.53 3594.364
60375.45 59578.14 27974.5 34116.8 47657.75 120262.8 138648.2 81474.49 91186.51 49863.41 20430.03 9155.885 3750.581 4484.027 9359.044 4417.79 0.2965335 41.09435 1573.017 658.0396 2971.158 2640.247 3491.751 5591.652 10496.27 9647.826 3911.827 3363.625 4606.582 5099.47 7555.571 5165.332 25613.16 3881.521 4144.497 3622.679 3331.766 3121.27 2454.79 1627.236 1150.817 1573.718 1901.477 3564.231 5220.836 20281.81 7365.791 6240.75 11299.72 8584.111 10900.34 43552.79 13073.69 1493.392 52.75351 288.993 596.6987 1926.166 2090.785 672.9413 690.3635 667.5206 996.3358 992.6008 1031.191 1276.099 1086.15 1309.871 2137.501 1500.048 1789.371
72113.95 91782.28 3451.422 -9999 64337.75 55190.11 78883.02 63330.12 101262.9 102580 102010.1 33363.9 16161.5 14283.16 3681.24 -9999 0.6116529 1853.999 2823.127 1722.225 1538.895 3117.319 2613.272 29402.39 29408.16 18821.23 6292.721 10324.29 6153.735 5977.249 6084.896 3862.858 50716.92 6472.808 6860.829 3796.079 3644.138 4624.396 3381.247 1669.228 2051.809 10960.26 12378.62 34254.37 21681.47 28846.38 31741.56 61556.01 45065.43 48191.43 7863.5 67051.95 68638.71 101329.7 93142.55 13960.31 19254.19 2657.615 913.6849 269.9518 466.3953 251.0031 258.4423 480.7518 236.1456 403.2778 647.0082 1060.913 1054.598 1262.25 698.5494
-9999 -9999 -9999 -9999 -9999 -9999 37751.87 45919.11 33861.14 55022.19 132159.8 185218.6 290089.9 232668.5 133736.8 -9999 -9999 13.70631 78788.6 4139.357 4971.826 5917.598 5033.732 29914.78 29914.78 29497.23 29658.58 29721.53 26356.01 15938.6 15381.75 14753.36 11783.95 8103.028 19832.52 92449.42 12439.65 25756.84 78192.03 22753.12 22613.93 46442.64 21444.05 308507.7 90479.55 45573.89 18367.03 31059.73 233460.1 83353.52 47345.47 4659.329 2471.109 9252.307 417613.4 11043.52 36851.92 17074.53 3947.274 14233.3 14061.91 3910.318 761.9838 398.892 256.6142 366.351 348.1457 420.1676 409.2232 441.4366 451.3461
170.1072 1387.862 1414.597 -9999 -9999 -9999 -9999 116.2992 55215.73 107902.5 47046.53 78540.17 59436.86 88699.08 221146.7 54428.64 -9999 -9999 156.4359 3188.661 6753.652 7867.022 6253.819 30404.93 28183.02 47450.2 40102.84 30439.51 29784.57 21607.89 21032.24 21033.63 20729.2 10482.1 13580.88 23114.13 353869.4 123131.2 94096.46 48938.84 34882.48 307168.5 66149.38 42842.64 20799.33 46133.1 20303.19 13562.33 12546.98 5090.92 2444.586 3925.116 6509.583 52780.71 6330.385 18395.56 63081.09 16694.37 -9999 2252.228 47337.58 2441.39 549.7863 106.5617 257.3857 662.8788 191.2246 503.2224 689.8317 727.194 349.9625
45924.67 51420.9 94657.52 192028.4 36764.63 1400.71 20033.54 21547.76 88234.48 54707.04 47808.99 296255.2 131368.8 93043.45 80827.56 153246.7 6532.901 -9999 -9999 2332.632 183.5314 10852.89 9722.682 32503.82 44066 59836.88 59871.29 301051.5 119547.8 52700.63 21774.15 21354.78 21345.05 28546.27 47143.34 100653.6 974228.3 372505.4 263350.8 173165.1 107484.6 19217.57 26489.04 19301.59 15057.1 14602.68 56990.67 116757.1 33364.62 160759.8 42637.72 18712.38 14114.74 99301.7 3289.073 416.4126 3224.142 -9999 -9999 -9999 38.8637 1474.76 1073.795 219.4323 54.95529 3.142881 273.8896 623.1072 608.295 1098.853 111.8259
73295.2 93382.57 109397.8 147150.8 149336.1 94176.98 156857.6 89779.63 69848.14 64785.81 120001.3 370356.9 117158.9 230423.9 211170.9 127590 467581.8 56054.59 -9999 2715.659 10692.7 12269.69 15281.05 20260.93 57433.36 56195.62 60614.14 48075.66 43272.95 175777.2 107589.4 92491.83 50369.16 255450.7 142644.3 384601.4 521492.3 610217.9 935814.3 894378.6 197755.5 32063.93 6380.437 9493.286 3279.797 12254.24 27483.83 89226.82 23437.32 5030.239 939.4662 173.3538 105.0382 920.9615 1230.973 433.9238 482.197 -9999 -9999 -9999 293.1152 20736.74 15382.59 15018.41 10758.09 13063.96 6320.454 287.7578 14.47822 89.76822 162.2552
198154.3 71348.8 90697.7 89322.44 49699.34 10543.78 50937.19 52968.41 136172.5 148327.5 229796.2 150266 106495.9 114177.7 152714.1 228523.9 42762.09 -9999 -9999 98.76865 7618.538 15501.17 15484.33 17228.88 30417.54 30419.21 31133.76 42959.57 46585.15 51485.72 90823.12 117369.5 343868.3 439196 300177.1 131672.2 119612.4 71424.16 49243.8 41473.18 22958.04 14550.9 210427.1 307901.5 85052.79 50692.47 17194.63 -9999 -9999 -9999 -9999 -9999 -9999 11.56434 564.3284 1393.808 387.165 192.4124 0.2267984 293.5835 1001.025 8893.351 1283.722 1358.637 11210.2 106488.7 31127.74 33867.07 1108.249 1429.884 5071.953
90198.08 173476.9 305120.8 56441.99 74615.79 201115.9 192517.7 232176.2 206929.1 139313.2 239226.2 160192.7 149132.7 294486.4 98413.89 300073.5 630.2389 -9999 -9999 -9999 1897.206 15722.58 19185.59 35912.93 38603.18 30831.54 30795.55 41570.13 54964.43 48955.21 44831.17 75654.29 184604.8 253790.9 299785.2 731497.4 277371.1 95636.09 22650.41 6456.675 1130.309 2789.307 14123.13 76341.92 297066.5 267.2376 -9999 7497.545 3666.769 101.0638 87.50652 0.87994 9041.697 896.7225 908.9055 2058.655 203.5919 170.8371 580.7665 190.9628 29.41448 220.0917 293.7672 7.750242 268.1926 722.8734 5709.158 124102.3 49409.27 103931.4 28385.47
99778.98 166923.5 208819 326976.4 507863 347508.7 378242 346687.3 429113.7 404514.3 197509.8 304105.4 167744.5 289700.3 75603.45 115372.7 355807.4 71798.63 -9999 -9999 1786.67 80146.38 129271.2 37460.83 96036.99 373380.8 34321.26 33461.53 53638.13 55907.01 50025.55 53889.65 63478.02 168387.5 260685.4 539049.2 501868.3 215449.6 42633.99 14886.43 2974.576 3761.319 7630.329 20564.9 104915.9 56191.52 255934.4 73126.8 10573.92 4242.146 1193.662 1200.037 622.1097 394.9876 15.0038 1.166589 8.107639 103.24 547.6375 334.23 88.35934 58.60411 503.6859 1123.395 12022.89 4875.969 6276.366 10587.39 64019.3 162211.9 73629.16
65188.98 232509.4 418314 625062.1 1511381 354208.9 194919 222948.5 219832.9 652836.2 490843.5 544748.1 187632.9 135946.4 60943.27 114036 167773.5 233654.7 212318 335114.6 201735.4 185180.6 35433.16 24683.94 61881.32 105297.3 438609.6 153595.8 47724.21 56575.36 55904.99 116540 207329 368097.4 346080.4 429226 394694.5 156591.9 67455.91 62767.69 39752.07 40278.37 19942.44 1238.149 761.9691 2677.093 22727.32 20292.06 56510.4 5967.267 658.7982 217.7276 7.281488 -9999 -9999 -9999 -9999 -9999 132.295 243.1789 201.7225 35610.29 3699.062 919.5186 9055.649 6399.235 6045.706 22834.75 428203.8 220067 383708.2
91148.21 9938.815 304477.8 995468.8 152083.4 113552.3 155845.6 133177.9 57319.47 141897.1 414626 524030.3 534956.6 180755.5 98956.95 103538.8 95152.77 526835.4 2745177 74952.69 28273.74 14304.44 10880.28 15288.17 38520.8 105319 166209.5 162873.9 63272.43 88756.63 100339.5 211549.1 128081.7 137202.8 93970.95 182104.1 375263.5 63606.3 258439.5 747466.2 180350.8 83348.16 47642.59 27201.4 4498.059 314.3476 462.2613 167.5784 837.1301 254.0219 -9999 -9999 -9999 -9999 -9999 -9999 -9999 -9999 -9999 33.7793 505.0803 1854.881 282.8546 1801.757 1894.444 2192.204 11567.33 42707.5 37288.75 160892.8 453958.2
48168.93 529.2209 286650.5 883176.6 54495 12431.54 27779.26 161608.9 66876.76 72088.34 202290.5 215194.1 162724.8 184667.7 209981.1 285527.5 168448.6 181317.5 168438.8 22316.64 17428.52 11197.41 8974.787 6677.217 11769.51 29614.59 32277.7 53819.93 94135.68 458876.5 125920.6 55148.98 83045.23 127101.4 144847 344663.8 2023177 817379.8 2321513 2187642 1200157 1137963 253020.5 40273.46 4259.381 2877.04 274.5337 338.244 8.268669 -9999 -9999 -9999 -9999 -9999 -9999 -9999 -9999 -9999 -9999 432.9948 539.1868 1697.229 7258.95 2453.85 1155.38 1085.927 5067.966 16375.11 15343.87 30206.79 100475.9
-9999 -9999 1147529 1626753 16006.19 3124.941 4690.877 8903.603 16840.92 107540.6 384527.2 3191165 83744.43 97137.52 121450 213356.6 130066.1 113600.3 107645.7 12016.84 4808.701 4415.999 4112.526 3014.932 8327.435 16059.6 24775.61 25310.29 52089.69 76987.46 59499.1 86004.6 107104.3 128013.1 208083.8 464397.2 496858.7 655230.5 1501958 1725538 1983224 1183668 809010.5 42626.27 6830.346 5697.579 1601.072 574.2167 219.0404 24.57366 440.6306 739.221 448.2736 523.7264 238.2394 123.0652 18.99035 108.0695 213.881 133.2975 616.6115 1648.137 12336.58 19819.52 17495.2 6316.01 9726.768 11791.29 12921.88 18637.03 16433.85
-9999 608075.1 1850703 812526 13775.89 2285.248 2162.501 1348.648 1337.482 12512.92 279730.6 1126765 379108.3 189653.3 121772.8 156035.8 85939.7 139202.7 354099.1 283428.5 27043.78 58903.02 7893.187 3986.827 3281.111 25361.16 18735.1 16612.3 46228.11 101092.4 30567.58 92651.7 144081.4 97360.96 138084.4 79358.92 242650 826056.9 852639.6 1233155 2044463 3672623 1206923 316059.4 41628.64 4702.027 2780.589 1950.14 1423.308 1002.477 1872.124 1495.074 904.9788 595.0305 1743.081 1248.8 660.5157 1754.232 6085.037 6390.244 11348.48 4527.82 16336.63 28186.78 13147.23 16228.84 12410.4 18035.62 18420.39 12326.53 20680.73
60716.47 1281495 1562048 195328.4 26666.82 9218.97 9558.422 13012.36 4055.536 1352.775 76323.07 358251.3 580176.1 499549.3 290887.2 311199.8 159721.8 118978.4 80069.53 165017.5 31138.16 102823.9 21980.83 11557.54 12523.55 28240.28 7236.236 17020.88 50450 17608.6 66296.23 172048 367542.2 77593.6 91206.33 35899.41 118091.1 543735.5 674860.1 1917287 3686781 4769286 1782765 951055.6 329766.9 41639.22 9411.46 842.3968 1066.327 1129.147 1711.112 1440.597 2255.016 1654.277 1945.355 2307.571 3621.45 4926.728 15324.88 22859.99 20783.23 18162.14 20204.81 24955.5 22931.38 26101.5 16915.65 24617.4 12555.31 25324.71 103750.9
17362.17 19130.96 89533.73 1812.318 11437.97 21256.67 13686.85 16117.88 16398.86 19571.45 95418.28 23668.27 45586.73 206816.8 804480.9 212969.2 107435.3 99064.73 84207.49 77829.27 30418.44 13809.73 51267.08 61047.73 32532.41 39514.57 32260.57 45979.3 50953.02 17893.35 15009.39 27990.89 26372.53 378122.3 222040.5 95403.47 113344.5 828070.1 2451176 2412114 2317203 1318802 1448558 2001840 1328546 738145.9 185577.7 35821.13 4147.561 1361.094 2648.871 850.1544 1303.435 1980.228 2617.106 2962.047 3352.208 7899.036 17452.93 9202.028 6571.077 7407.442 12524.34 11803.09 14627.8 17071.08 8070.808 20754.42 24702.74 69909.35 774803.8
6712.025 7261.388 56747.59 18300.9 27813.81 10824.3 6029.91 11323.63 15984.32 9554.14 11673.88 2452.703 1200.509 48650.33 295129 239700.2 0.1744546 65556.15 140102.3 418204.4 88014.88 26696.94 44499.03 36820.29 51019.04 56952.65 44171.43 46278.43 13396.13 5700.712 12783.76 13635.45 39877.96 135211 106059.4 60042.41 92021.8 1415810 2136566 1150595 822569.2 687095.3 1058287 1706488 3632231 2273379 835996.4 501838.1 359110 57207.13 3940.21 2952.019 3193.163 5760.998 18208.79 33630.47 39986.64 29416.88 77070.62 12083.88 6213.873 12714.94 6286.027 4322.945 10236.55 15245.63 12543.28 13898.52 12202.38 155742 435909.4
10997.13 13311.84 26161.22 32346.16 22466.56 14753.31 11298.08 18392.64 19183.74 7531.049 5609.075 11363.4 15934.07 18920.28 74736.17 52780.91 -9999 12270.72 55462.63 48368.39 75365.68 57435.48 39374.26 27522.54 65115.46 49491.97 30255.11 30478.14 25541.65 9231.795 10657.57 27172.87 34732.16 86923.84 181343.1 771895.3 808236 1392943 124503 158909.3 355776.1 468438.4 937633.7 2225437 8556176 3845712 3511337 1354534 1012120 536091.3 445552.3 246848.1 34482.04 8342.953 16311.55 10005.42 19156.87 9620.438 8940.74 11267.95 15218.01 47488.43 40734.02 14746.67 4075.134 8354.93 16826.18 13536.86 39618.63 354714.3 304791.6
37900.39 2038.48 6715.869 22052.3 16211.09 3177.769 5622.976 20704.34 20784.77 8514.41 18796.82 25739.34 18590.57 15321.64 8335.211 12161.66 28441.11 0.604417 5061.349 62086.35 49323.49 38729.76 65122.21 109245.6 71857.59 27068.01 18042.5 27934.54 25802 31523.83 20185.43 22263.7 24297.47 58558.57 713305.8 1958008 471560.7 126366.7 123195.9 232161.8 565347.7 777864.8 1377843 1664042 2989286 3877870 3020577 3012264 2907506 2471104 2414689 1412780 1281718 371819.3 265114.7 389604.4 74371.55 27683.19 63334.59 49122.84 201001.3 636940.7 823704.6 63227.38 21216.3 22776.13 60272.05 71353.56 114519.4 376438.4 606493
18248.51 2775.853 35.44784 8700.133 7834.136 6577.461 7879.023 15301.87 12480.15 26506.83 62018.26 47267.61 15482.61 8519.199 3180.689 8604.9 438802.3 395951.3 897.8093 -9999 6550.132 16922.48 26302.31 13463.39 46632.9 14591.05 25325.23 30262.77 39246.55 60110.17 77585.61 63602.16 26691.03 49431.15 547989.8 1135639 129306.7 74696.68 157692.4 596528.6 822682.2 942814.1 1664362 1218037 1434578 1712934 1950224 3753892 3242167 3705221 4575842 5450804 5960914 3496423 2697899 2431693 1871157 1511002 1724215 1890933 698861.7 789263.9 123758.1 20582.97 20320.46 35409.26 118379.5 202746.7 220930.1 249543 407314.3
12236.96 3778.441 -9999 1739.285 16193.05 38598.54 16406.95 17718.15 24273.02 47924.18 77838.7 45464.91 124053.4 73450.51 27746.44 7861.327 12659.76 16838.89 227716.7 25.41781 -9999 336.9222 332414 77202.84 2582.143 5826.962 13023.78 28225.01 67360.37 50893.5 49527.12 28119.32 22981.74 124391.6 839788.9 1838184 764854.8 354227.3 502581 610952.6 664993.6 868005.9 793755.4 698936.3 596510.4 1130243 1043327 1546767 3318789 4644452 4104594 4769442 6687507 5242579 4486099 3116986 3825237 1155984 1173091 688694.7 469454.2 324783.7 58778.16 118472.6 117351.8 162516.8 218484.1 413338.3 246221.4 534066.5 505482.4
91355.45 521.8027 262.4045 -9999 20893.47 61907.29 134664.8 64506.34 7586.013 15709.34 22355.37 25170.21 344513.2 506997.2 410024.9 11475.28 7899.109 7251.138 14158.19 5297.172 7428.974 30869.1 314240.2 94669.48 407.8546 -9999 -9999 -9999 -9999 -9999 -9999 -9999 -9999 539558.8 3041880 600575.4 366413 204203.4 650402.2 1065245 971371.8 910981.2 724066 761580.5 759040.3 922401.4 709005.1 903776.4 1220784 1089635 1464575 2593234 2729210 2386016 2399478 3799906 4132952 4973759 3392488 1809687 640640.3 189116.2 118191 137221.4 170713.7 269488.5 279637.2 219564.2 126327.8 546337.6 444615.1
2448.342 794.397 1795.723 -9999 -9999 12356.36 98213.6 11819.19 37150.26 17785.04 9320.555 9658.451 8314.548 19485.28 38791.65 19086.1 7960.731 7960.732 15394.17 56243.09 56754.4 56754.4 27347.97 41811.9 133360 158388.7 812.1536 -9999 -9999 -9999 -9999 -9999 -9999 -9999 14597.94 65794.6 137897.9 281826.2 384238.1 2130793 1297424 1471989 1092383 935242.8 1303327 819480.6 859040.9 912058.5 577150.8 567333.5 596408.1 1008431 1869085 2950611 2085830 3454517 3579206 8580692 3013614 300875.2 112577.4 155196.9 203568.4 120133.4 163244.1 199300.1 191514.3 131893.8 132272.2 340510.2 338866
25.44623 164.2147 2941.358 1318.444 -9999 4171.914 214792.7 41581.75 66585.96 30625.28 7798.707 7635.669 6144.354 3954.869 3848.793 7422.085 8019.929 8019.929 8019.929 12068.46 20289.97 28521.79 13740.68 13396.45 39248.15 24614.63 31214.26 -9999 -9999 -9999 -9999 -9999 -9999 -9999 -9999 7981.664 366281.7 831792 739842.6 1843620 1993954 1426393 1346882 965246.3 598124.3 669967 677259 432674.9 625563.4 951104.1 549137.3 796925 881472.7 1440206 2647967 6824430 2124789 3180699 3255174 727994.1 67721.4 201698.6 496612.7 356931.6 140243.2 135307.3 164010.1 130595.6 67154.95 115419.3 269864.4
11050.43 9394.693 9388.019 8909.2 515.3818 13691.17 855755.7 173585.4 29494.27 6767.274 6491.639 7029.152 3583.872 3242.411 3478.537 7977.587 8076.684 8076.684 8076.684 8076.684 8076.684 8076.684 7203.212 4865.545 3423.689 12755.76 11508.02 -9999 -9999 -9999 -9999 -9999 -9999 -9999 -9999 -9999 218820.1 780877.4 793933.3 1774658 959548.6 1045324 1136179 815108.6 622393.2 846899.3 1027368 756221.8 1699407 1067267 852072.4 439224.7 591195.8 1178822 951650.4 492045.1 107122 170121.1 378277.5 820486.7 49680.82 289268.7 556719.8 661589.9 109247.3 66086.52 96323.28 109085.2 97204.04 70872.74 297108.6
