manual/examples/resources/data/gpw/gpw_v4_basic_demographic_characteristics_rev10_a000_014mt_2010_cntm_1_deg.asc
ncols         360
nrows         145
xllcorner     -180
yllcorner     -60
cellsize      0.99999999999994
NODATA_value  -9999
[rows 32 to 63 of 145, columns 213 to 283 of 360]
10877.85 8376.207 15528.5 27637.76 11233.77 18466.95 52424.61 16609.03 34261.45 8050.771 9368.96 8950.85 7245.203 7416.114 10829.7 8468.43 10684.05 6859.72 4869.385 12343.6 6770.26 4713.27 12690.17 6905.762 3076.626 11487.49 3056.983 4102.361 3003.934 4954.696 11142.18 3363.572 1621.874 2595.381 2548.315 3701.416 9626.135 5646.301 1849.917 1676.686 1396.687 3268.323 3194.599 13490.7 24332.13 6395.119 4276.989 4358.722 4638.838 6439.236 3882.617 10634.42 18277.69 2564.158 1928.643 2158.322 998.0982 3654.504 3730.498 962.9202 905.9905 1710.569 930.5067 149.4846 150.7547 216.8243 159.2299 292.3272 1077.236 2520.128 34985.33
24835.14 12527.77 15983.81 41553.42 23069.29 20156.67 82289.96 10413.05 9081.12 14024.03 10255.5 5973.471 54452.23 39452.85 14636.07 7412.687 4194.049 12934.9 14929.55 8434.432 5250.995 6871.41 53440.5 4888.915 7250.549 34131.59 5410.157 3287.354 2303.828 946.8293 1307.168 826.1513 1563.331 1846.042 1731.304 3487.695 3119.513 17254.54 34135.53 5743.126 2033.31 5166.909 3942.709 3216.889 3737.361 1535.755 2484.742 3098.926 17075.39 3879.72 2147.131 3087.565 10327.9 4915.227 918.9844 625.445 1261.203 3856.824 2402.903 2778.874 2869.873 18983.3 922.3966 450.867 420.8991 432.082 491.9209 500.0569 740.1322 1473.973 5342.19
17085.9 35951.59 17623.73 100103.3 17343.42 15232.24 15608.94 12218.52 7765.875 7874.206 9886.946 5994.569 15770.32 4819.415 3657.104 3470.761 2882.103 5287.033 3874.83 2106.479 2500.084 2461.491 2126.512 8898.646 46794.71 3040.751 2649.561 1087.498 778.2713 564.0366 358.6849 422.4233 579.7327 1554.289 1710.661 1601.035 821.6301 7514.062 25315.53 7616.943 14016.39 22717.13 1844.222 937.4518 1239.897 2112.317 5752.478 6911.593 9381.513 8852.364 8605.896 3408.136 1356.35 1220.621 842.6447 649.8398 1058.936 1561.68 2405.49 2865.825 1616.556 1524.677 1093.836 650.7303 229.0866 648.1694 805.7601 894.2021 475.1059 945.421 1350.096
39404.68 37344.18 17827.59 77104.25 17915.08 14319.63 10474.34 8954.345 5134.786 3809.118 6779.512 5165.831 5355.124 2354.575 1684.63 1472.46 1350.478 1108.321 1390.887 1424.99 1507.223 1596.776 1959.301 3050.511 2903.917 2373.097 1506.64 572.1276 507.4536 425.1493 305.558 333.7716 553.4293 1249.798 1339.061 505.1537 462.3542 482.2628 2100.544 15760.91 24055.22 10692.13 1231.595 1845.434 7897.765 6215.957 2143.575 1959.839 5326.196 19487.79 8716.21 3784.675 1866.644 1466.004 834.7394 1356.707 2897.757 1517.399 3175.821 1177.25 771.8673 935.7519 1304.707 824.4849 718.4554 947.7972 1288.481 7035.78 1837.929 1124.424 710.5913
36343.9 70042.97 75557.17 20525.2 104475.8 124329.6 72421.86 24167.03 8555.986 5074.959 6989.01 109859 5686.649 5733.483 1362.655 1068.567 1019.592 1668.834 2440.152 1997.636 1482.304 1396.82 698.2142 1057.888 2096.44 1538.974 958.6869 525.2733 401.7379 331.6332 298.6573 813.903 1086.715 1174.022 1176.427 1134.069 847.9694 657.4931 689.0237 604.363 591.9112 1239.424 1635.777 1639.958 2918.522 2088.598 869.6755 1281.664 1589.944 1895.898 1227.095 1190.033 1853.92 6551.082 1655.631 3275.767 5992.503 1889.706 2871.711 827.572 452.6672 553.5225 708.0281 625.857 925.1844 1748.887 1707.787 1689.316 1818.235 1479.76 2641.343
55458.93 35737.14 71619.69 14058.73 94281.7 47484.37 118873.9 49850.23 11751.04 17651.38 4621.733 2316.843 1929.541 3418.065 3656.635 3571.351 2841.088 2281.894 7351.946 18344.57 3855.851 2677.564 456.1883 361.6666 522.8107 790.2115 731.1086 838.1612 1714.299 936.3964 781.7742 1138.504 1197 1199.272 1189.699 1186.584 818.5033 701.3753 667.079 606.2508 767.9462 1335.396 1878.039 1872.189 1497.049 1521.724 1342.315 2144.899 2097 1966.818 2012.781 2130.65 4542.825 7792.453 14241.35 7587.421 2856.813 1906.951 4789.172 1076.34 617.1118 451.6287 519.9885 3269.488 594.765 706.2921 954.9548 1291.835 4486.722 2729.619 2129.008
25450.04 13568.15 18289.19 11357.03 2757.719 20501.75 23206.64 14890.49 13402.94 6950.106 3271.376 12566.88 1139.405 2171.765 20320.28 39896.9 2373.022 319.2888 5972.268 9226.091 2427.169 2727.686 1862.63 802.5382 424.4651 733.4836 1195.694 1481.137 1973.602 2411.28 3256.779 1807.757 1350.455 1264.41 1226.801 1119.013 718.3246 715.3456 648.4581 614.0759 944.5651 814.9219 968.533 1613.691 1881.635 2223.983 2772.129 2448.143 1956.781 10756.18 23631.08 4459.979 2732.885 1700.179 3037.37 2385.368 4094.068 6207.831 1366.323 855.3419 795.715 564.7678 1136.777 2331.25 626.7948 633.8519 1003.009 5625.992 2367.656 6766.588 1868.391
31142.67 31120.13 14489.93 17446.92 24531.55 61907.1 71374.51 41940.01 46892.2 25638.04 10504.52 4715.079 1933.841 2308.515 4807.025 2264.732 0.1520147 21.11223 808.1379 338.0674 1526.282 1356.427 1793.888 2866.037 5372.779 4938.633 2000.599 1717.193 2351.746 2603.375 3857.26 2636.998 13075.99 1981.589 2117.516 1852.179 1703.531 1596 1255.208 832.0549 588.5324 807.116 975.2244 1828.013 2677.648 10402.08 3777.747 3200.14 5880.208 4607.125 5517.393 22514.53 6858.263 761.2413 29.23739 152.0896 298.1282 986.0243 1081.223 350.1856 357.1625 348.3635 569.4068 517.5884 533.337 655.3521 571.3328 679.6914 1106.283 774.4634 925.3207
37073.34 46536.73 1794.445 -9999 33117.48 28416.32 40631.62 32642.25 51978.61 52474.36 52448.63 17154.03 8273.704 7259.235 1872.403 -9999 0.3142368 952.4924 1450.382 884.7933 790.6073 1601.523 1342.472 15047.45 15050.41 9632.267 3220.467 5281.738 3143.366 3051.497 3106.452 1972.061 25891.93 3304.489 3503.413 1940.706 1863.11 2364.534 1728.89 853.5049 1049.125 5608.51 6344.86 17568.29 11119.93 14794.65 16279.47 31685.13 23761.67 24800.27 4060.492 34775.23 35400.27 52070.39 47973.35 7466.853 9830.208 1425.662 512.7468 184.8792 309.9998 136.1002 137.0626 246.2421 121.2669 211.6871 327.2839 538.0583 542.2208 642.1826 324.8192
-9999 -9999 -9999 -9999 -9999 -9999 19432.95 23510.41 17175.61 28150.24 67411.09 90550.46 144968.9 117709 67927.52 -9999 -9999 7.041618 40477.66 2126.595 2554.276 3040.167 2586.023 15309.68 15309.68 15095.99 15178.57 15210.78 13487.45 8208.67 7955.469 7634.259 6076.181 4136.747 10132.14 47264.68 6359.85 13169.88 39980.94 11634.06 11568.87 23835.3 10980.83 158870 46497.28 23373.81 9420.035 15965.92 119276 43567.09 24195.66 2530.539 1315.235 4922.156 218378.6 5840.906 18858.42 8948.021 2229.425 7223.729 7134.752 2003.532 427.0828 204.9922 132.6348 193.6578 170.7751 202.6515 194.4033 200.4929 199.5132
88.03491 722.7128 736.502 -9999 -9999 -9999 -9999 61.46783 29104.16 57245.6 25228.61 40380.75 29987.13 44998.66 112324.7 27645.36 -9999 -9999 80.36899 1637.015 3456.17 4024.093 3212.885 15560.53 14400.76 24131.45 20435.56 15577.34 15250.56 11184.73 10898.37 10899.09 10740.25 5365.793 6942.898 11817.15 180916.5 62893.48 47953.27 24818.71 17861.63 156055.1 33818.04 21715.2 10544.83 23241.96 10288 7034.06 6579.309 2659.801 1460.543 1993.441 3398.552 26685.59 3472.054 9255.387 32158.71 8556.744 -9999 1159.101 23739.43 1393.826 350.8905 65.068 167.8747 301.9566 90.12157 281.8119 419.5443 356.8588 155.5718
23549.72 26249.9 48389.26 98528.41 18838.04 712.8188 10261.07 11030.46 46472.89 29012.93 25644.47 152363.5 70049.85 48525.26 41596.7 79889.23 3404.679 -9999 -9999 1185.132 93.13643 5508.017 4958.341 16587.53 22365.28 30365.34 30383.07 153472.8 60987.31 26981.91 11278.2 11065.5 11060.46 14686.52 24143.37 51435.84 490068 191132.8 135907.5 88299.06 54958.17 9730.161 13373.49 9778.023 7667.024 7525.196 29107.82 60048.59 16935.45 80871.16 21828.32 9662.725 7568.613 51640.01 1724.421 232.8881 1654.734 -9999 -9999 -9999 31.27035 984.8973 769.9316 169.8353 44.39503 2.597633 110.5183 312.7079 307.1942 554.7582 56.28065
37528.37 47798.89 55972.35 75333.8 76502.83 48289.62 79996.88 45878.77 35727.24 33290.29 62991.73 197342.8 63660.17 121626.5 110057.7 66803.54 252155.3 30124.51 -9999 1378.112 5426.209 6226.485 7754.653 10281.79 29145.63 28517.52 30759.78 24396.89 21960.71 89580.67 54843.75 47177.06 25861.18 130763.2 73112.46 197096.2 266825.5 313207.6 481627.8 459871.8 100968.9 16314.46 3211.092 4813.257 1656.6 6258.638 14197.54 45902.58 12195.58 2809.562 492.2283 89.70361 54.73545 475.1339 655.4451 237.9385 264.4087 -9999 -9999 -9999 155.1102 10869.04 7970.702 8034.949 5639.06 7005.69 3351.352 153.4725 7.457194 45.01401 87.84086
101518.4 36335.25 46217.96 45574.98 25474.63 5418.704 26042.93 27113.81 69769.48 76517.67 118252.1 77723.54 56352.42 60665.59 80083.13 119239.4 22532.02 -9999 -9999 50.122 3866.169 7866.356 7857.811 8743.119 15435.95 15436.8 15799.41 21800.64 23640.5 26152.35 46244.65 59931.68 176286.3 224972.3 153902.8 67315.7 61324.87 36821.37 25378.34 21154.9 11703.1 7128.035 107040.7 156984.9 43883.9 26638.92 8936.719 -9999 -9999 -9999 -9999 -9999 -9999 7.357547 267.3447 705.278 205.8074 102.2817 0.1205605 156.1387 530.921 4566.92 599.3184 713.7058 5965.485 55745.37 16702.87 18849.73 590.8622 773.1704 2854.63
46215.94 88661.39 156507.6 29000.13 38325.14 103197.6 98674.9 118983.9 105936.4 71735.48 122629 81836.16 76414.13 150959.8 50457.29 155690.1 331.8537 -9999 -9999 -9999 962.7726 7978.719 9729.824 18166.55 19557.95 15646.04 15627.78 21095.54 27892.73 24843.24 22750.41 38654.19 94850.59 130532.1 154217.7 376338.1 142318.7 49126.67 11610.97 3309.596 581.082 1469.519 7330.264 39418.07 150881.8 132.882 -9999 3879.968 1873.511 54.56986 43.62981 0.4381394 4507.37 513.0234 453.4006 1087.59 124.7934 95.46876 319.7337 103.7304 15.66641 110.7795 147.2913 4.017529 125.16 403.5474 2948.328 70266.72 28676.77 58845 16086.53
51049.16 85629.57 106912.8 168047.5 260336.1 178177.4 194221.5 176970 218687.2 207587.6 101353.3 155635.7 85873.92 148395.5 38691.23 58622.41 179163 36153.18 -9999 -9999 906.119 40567.95 65420.54 18900.32 48441.46 189412.2 17415.54 16980.67 27219.67 28371.05 25386.4 27376.67 32445.21 86524.8 134113.6 277317.8 257431.5 110563.4 21815.9 7536.455 1529.596 1935.746 3890.146 10562.91 53439.42 28354.05 131028.7 37171.06 5345.146 2126.959 612.0199 625.9211 321.1339 207.9678 8.108082 0.8415629 5.951562 68.198 301.4568 193.8481 62.34095 29.34056 256.3329 602.057 6148.835 2452.252 3136.19 5403.088 32985.67 92242.85 39766.43
33410.92 119092.9 214690.3 320678.3 784982.5 181979.3 100063.1 114176.4 112150.8 335447.9 252284.8 279981.3 96073.7 69496.98 31054.83 57962.75 85783.76 119464.3 108640.1 170518.9 102642.3 93771.71 17994.96 12541.38 31349.33 53410.67 222529.2 77928.1 24217.98 28710.22 28370.12 59734.9 106410.4 188824.8 178623.3 220396.6 202430.7 80560.07 34596.16 31258.11 20295.96 20756.11 10275.81 642.8701 398.4495 1374.8 11559.85 10288.67 28786.87 3025.884 329.6063 115.71 3.807965 -9999 -9999 -9999 -9999 -9999 98.61456 181.2689 150.3668 18305.21 2270.957 521.4126 4566.291 3174.292 3044.75 11692.24 223577.8 115794.5 203450.9
46743.95 5145.57 155787.2 513315.4 78205 58545.28 80643.32 69100.54 29444.14 72932.59 213110.3 269342.2 274907.1 92267.75 50457.34 52742.99 48796.45 270087.9 1402588 38237.29 14486.44 7335.439 5579.5 7807.522 19545.85 53433.77 84326.63 82634.3 32011.63 45185.88 51595.82 108920.9 65859.13 70702.76 48399.62 93653.81 192392.1 32836.24 132203.2 387056.4 98773.88 42875.56 24551.84 14018.35 2333.654 158.8115 227.0102 82.54053 425.174 129.5479 -9999 -9999 -9999 -9999 -9999 -9999 -9999 -9999 -9999 16.13908 249.3401 946.7738 154.3177 938.9779 944.2038 1141.771 5996.018 21851.46 18829.77 83897.67 242811.2
24600.54 281.372 143396.3 452903.1 27935.02 6523.816 14380.58 82171.53 33911.88 37052.12 103973.7 110605.9 83565.64 94470.55 107385.1 145484.9 86266.55 93539.94 86897.05 11454.33 8939.387 5743.632 4606.76 3428.12 5998.176 15032.32 16379.09 27319.83 47767.06 234674.8 64914.79 28359.44 42426.07 64873.7 73728.4 177486.7 1049708 421542.5 1196428 1128989 615911.4 599128.9 134131.8 20715.39 2182.425 1520.126 135.7913 162.2402 3.985032 -9999 -9999 -9999 -9999 -9999 -9999 -9999 -9999 -9999 -9999 209.2686 262.82 843.5035 3614.906 1241.351 575.1628 557.988 2561.915 8490.042 7881.073 15428.84 52437.34
-9999 -9999 571071.3 840239.6 8247.94 1662.332 2451.599 4576.438 8655.93 55273.95 197640.1 1640202 43029.2 49838.23 62100.08 108963.8 66576.63 58393.92 55373.74 6181.621 2473.659 2275.887 2137.597 1574.311 4258.036 8177.297 12615.35 12904.65 26544.19 39124.37 30911.29 44689.83 55305.24 66141.85 106718.6 239025.2 255476.5 335567.9 769729.3 882447.9 1015719 623705.9 426894.6 21826.24 3454.439 2995.819 830.7006 280.3362 110.4622 12.50604 217.2524 369.168 220.9613 247.8116 111.8857 58.22382 9.099078 54.29516 107.838 69.37431 315.0138 826.2555 6223.966 10191.79 8987.112 3206.445 4945.842 5971.809 6498.124 9547.382 8349.612
-9999 311911.6 947016.1 414484.5 7075.09 1352.402 1147.129 693.5126 687.442 6431.415 143776.5 579137.1 194854.9 97476.74 62555.48 79799.55 43956.32 71197.3 182098.6 145799.3 14047.11 30756.17 4121.595 2081.806 1708.672 12919.21 9539.618 8479.513 23722.55 52208.4 15792.2 47845.09 74581.36 50352.52 71329.09 41084.3 125802.8 428171.7 439578.7 633656.3 1051122 1898223 648445.9 167008.8 21484.16 2418.555 1448.105 1030.869 736.2903 513.358 919.2272 763.3895 440.6391 298.5307 922.0179 606.6136 326.9517 895.9569 3085.602 3210.46 6460.073 2449.303 8209.234 14739.53 6625.103 8248.167 6286.543 9224.011 9529.148 6388.364 10632.77
31210.95 652587.4 799784.4 100692.6 13646.46 4883.135 5092.174 6844.495 2119.957 695.3022 39228.7 184134.8 298200.2 256759.4 149472.4 159163.8 81687.66 60606.03 41011.4 84816.78 16154.81 53687.66 11345.69 5925.201 6409.753 14412.01 3684.699 8669.684 25773.85 9056.129 34221.78 89007.04 189957.4 40738.64 48976.67 19259.83 62138.64 280442.7 348298.8 990674.9 1895551 2467546 978524.7 506369.4 171516.2 21472.73 5088.784 406.8196 549.429 569.3071 839.2372 727.1159 1137.29 801.0349 955.4592 1145.335 1821.371 2453.333 7775.438 11829.84 10957.81 9517.786 10388.54 12552.95 11849.36 13446.12 8500.867 12486.06 6410.645 13118.2 53469.73
9190.024 10202.42 46018.52 954.2825 5842.304 10947.03 7133.758 8414.562 8591.164 10145.75 49041.8 12165.07 23430.76 106300.1 413506.6 109045.7 54944.94 50551.89 42821.24 39754.23 15593.33 7119.549 26214.52 31215.68 16634.88 20205.08 16428.72 23338.7 25986.69 9235.348 7762.868 14454.01 13612.83 195795.8 115641.7 49796.04 58975.46 429317.7 1264338 1243494 1200558 711171.7 794272.9 1104300 715727.7 389388.5 96645.23 19272.23 2063.787 695.2217 1313.879 424.3524 659.6528 989.851 1293.333 1523.216 1701.663 4021.868 8829.476 4669.847 3365.996 3740.994 6422.631 5974.036 7435.522 8806.343 4109.7 10752.68 12799.3 35984 401434.5
3486.686 3822.017 29188.47 9657.533 14634.77 5659.813 3143.787 5895.642 8355.249 4959.391 5971.828 1249.458 614.0654 25030.18 152759.5 124033.9 0.0892252 35859.1 73465.55 213613.6 44956.91 13657.96 22752.71 18827.41 26087.68 29121.73 22493.56 23491.36 6834.073 2948.19 6516.598 6915.658 19789.58 67224.38 53946.09 30756.53 47901.2 740853.6 1109171 592777.8 435744.3 370313.6 576092.5 939101.3 1963853 1202339 436723.4 258043.2 180850 28721.41 1898.612 1455.86 1604.215 2927.206 9242.592 17078.95 20496.38 15002.18 39263.84 6129.904 3123.384 6589.468 3275.707 2159.825 5225.29 7918.325 6447.468 7113.66 6259.405 80662.58 224473.2
5659.759 6910.419 13789.2 17062.46 11824.01 7740.841 5920.723 9653.107 10063.66 3950.993 2881.444 5630.066 7836.436 9277.76 38485.14 27589.83 -9999 6748.463 30484.46 24889.95 38495.86 29337.34 20156.67 14090.15 33295.75 25306.56 15387.22 15470.34 12969.66 4711.123 5363.309 13535.91 17166.77 42893.81 93646.48 403621.7 427324.2 728240.5 64481.16 83583.23 186799.2 246172.4 504739.8 1221915 4626125 2039571 1853639 706603.4 521014.3 269376.8 225950.1 124972.6 17059.29 4260.461 8384.685 5178.941 9745.798 4876.244 4442.794 5635.892 7676.368 24167.48 20584.9 7585.205 2098.311 4215.811 8742.888 7012.927 22182.84 187985.7 160251.4
19825.07 1061.209 3568.938 11661.33 8454.081 1593.911 2890.262 10874.73 10905.11 4589.195 9910.458 13312.67 9191.06 7536.429 4255.445 6498.112 19396.86 0.2963574 2783.564 33426.86 25233.35 19859.71 33530.81 56329.13 36911.46 13834.32 9158.162 14179.24 13096.79 15985.83 10455.25 11720.39 12561.86 29632.67 373449.7 1014759 245784 67137.45 65342.34 122909.4 297137.8 408449.8 739430.6 892457.7 1606005 2080223 1610016 1585913 1529443 1280643 1247074 725786.6 657717.8 186157 132959 198743.9 37195.38 13890.11 31775.46 24734.57 101559.2 325793.3 421485.7 32238.44 10590.38 11484.79 30379.7 38365.79 60350.68 201154 326453.8
9420.993 1436.662 18.86522 4596.061 3932.458 3230.691 3845.716 7798.525 6209.151 14127.89 32596.31 24676.2 8076.302 4452.884 1680.225 4415.613 245142.6 207130.2 368.8548 -9999 3377.373 8725.556 13561.97 6658.541 24042.88 7489.431 12855.92 15361.03 19960.16 31109.14 40955.5 33756.35 13817.53 24967.45 286955.4 589589.8 67828.77 40356.33 83828.4 314236.6 432003.7 494953 885438.1 650371 781887.7 930858.6 1038655 1977638 1683671 1916723 2371298 2816038 3111268 1807222 1380545 1244558 959039.9 773075.6 880173.4 962931.3 354438.4 405578.1 63507.58 11548.58 10291.72 18016.69 60279.46 103872.8 114604.9 133833.9 227143.1
6269.533 1953.973 -9999 884.9985 8179.464 20410.6 8082.877 8830.769 12319.15 24301.94 40270.95 23446.36 65850.5 39211.73 14636.48 3960.991 6674.247 9725.501 115950.3 12.60857 -9999 172.3163 173389.9 35493.11 1331.402 3004.488 6620.859 14326.68 34344.66 26113.23 25810.63 14492.48 11575.24 62271.11 425516.8 939306.1 396621.4 196111.1 264805.2 318624.8 348212.8 449625.9 418361.1 367052.3 316786 602998.6 553035.9 817012.9 1746179 2424693 2144662 2488626 3505266 2746338 2314958 1598358 1974438 590236.7 597469.6 350026.7 241470.3 168159 30389.79 63297.54 57953.02 85980.75 111591.1 210069.7 125595.5 276364.8 270143.1
46704.49 268.2127 134.879 -9999 11194.14 33048.75 68879.12 32872.94 3636.833 7557.31 10785.82 12336.2 182904.3 269534.9 217383.9 5862.19 3979.509 3656.964 7506.551 2627.675 3685.161 15312.69 176824.9 44948.11 185.0899 -9999 -9999 -9999 -9999 -9999 -9999 -9999 -9999 270368.3 1526343 312504.7 192912.3 109687 344868.7 562127.4 507641.1 473913.5 377685.9 397342.9 395643.8 481943.6 370992.7 471420.7 636398.6 565118.5 757010.9 1337476 1402653 1233126 1223976 1944152 2135227 2553519 1732850 920336.6 327920.5 96519.57 59927.84 67420.87 87880.41 142735.9 144627.7 113943.8 65283.37 280719.2 239193.6
1264.743 419.8081 945.7877 -9999 -9999 6513.551 50607.57 5789.563 17956.47 8438.238 4480.553 4743.041 4117.839 9975.603 20222.79 9867.358 4010.554 4010.554 7688.375 27899.52 28153.16 28153.16 13593.17 19353.25 63018.47 72787.95 414.0642 -9999 -9999 -9999 -9999 -9999 -9999 -9999 7821.082 34144.36 70789.26 147137.7 203993.2 1160205 679180.7 757496.1 564898 484315.9 678058.9 424392.8 445261.3 466637.3 293136.2 289635.1 303674.7 512915.9 959840.8 1521459 1068240 1765401 1834015 4381605 1533534 153872.9 56701.17 78435.11 103090.1 61727.71 82040.97 101866.6 98524.05 69092.66 70950.64 182988 176164.8
13.93195 86.78231 1554.415 667.352 -9999 2293.768 115758.1 20339.84 32219.75 14835.94 3777.568 3808.47 3063.697 1895.503 1841.096 3725.157 4040.378 4040.378 4040.378 6043.549 10111.47 14184.49 6807.973 6457.339 18368.9 10120.93 13434.46 -9999 -9999 -9999 -9999 -9999 -9999 -9999 -9999 4208.114 194994.3 445894.8 393989.2 994578.5 1052226 728222.8 701093.8 503020.1 309863 344819.2 347343.5 218377.3 316973.4 484766.8 277439.3 405391.8 447745.8 739392.6 1352521 3492242 1091243 1626929 1668125 375180.9 34149.75 100882.5 250003.6 181325.7 69964.02 68509.36 83578.42 67766.68 35191.44 63569.31 142413.9
6342 5694.874 5692.033 5401.67 312.4803 7391.404 458455.3 88884.63 14138.63 3272.398 3244.735 3609.699 1783.275 1560.307 1672.761 4016.72 4068.97 4068.97 4068.97 4068.97 4068.97 4068.97 3598.017 2513.732 2046.187 5335.266 5099.113 -9999 -9999 -9999 -9999 -9999 -9999 -9999 -9999 -9999 114632.1 414089.3 418834 977983.3 495458.8 542524.6 593452.9 422833 319468.3 436482.9 527139.7 382955.6 868195.9 539809.9 435193.5 224030 300613.7 601000.4 487231.9 251119.2 54642.55 87419.06 195043.2 418541.1 24980.89 145265.9 278659.6 340195.1 54753.55 33541.74 49039.75 55816.89 49738.08 36217.08 152033.6
