manual/examples/resources/data/gpw/gpw_v4_basic_demographic_characteristics_rev10_a000_014ft_2010_cntm_1_deg.asc
ncols         360
nrows         145
xllcorner     -180
yllcorner     -60
cellsize      0.99999999999994
NODATA_value  -9999
[rows 0 to 31 of 145, columns 284 to 354 of 360]
-9999 -9999 -9999 -9999 -9999 -9999 -9999 -9999 -9999 -9999 -9999 -9999 -9999 -9999 -9999 -9999 -9999 -9999 -9999 -9999 -9999 -9999 -9999 -9999 -9999 -9999 -9999 -9999 -9999 -9999 -9999 -9999 -9999 -9999 -9999 -9999 -9999 -9999 -9999 -9999 -9999 -9999 -9999 -9999 -9999 -9999 -9999 -9999 -9999 -9999 -9999 -9999 -9999 -9999 -9999 -9999 -9999 -9999 -9999 -9999 -9999 -9999 -9999 -9999 -9999 -9999 -9999 -9999 -9999 -9999 -9999
-9999 -9999 -9999 -9999 -9999 -9999 -9999 -9999 -9999 -9999 -9999 -9999 -9999 -9999 -9999 -9999 -9999 -9999 -9999 -9999 -9999 -9999 -9999 -9999 -9999 -9999 -9999 -9999 -9999 -9999 -9999 -9999 -9999 -9999 -9999 -9999 -9999 -9999 -9999 -9999 -9999 -9999 -9999 -9999 -9999 -9999 -9999 -9999 -9999 -9999 -9999 -9999 -9999 -9999 -9999 -9999 -9999 -9999 -9999 -9999 -9999 -9999 -9999 -9999 -9999 -9999 -9999 -9999 -9999 -9999 -9999
-9999 -9999 -9999 -9999 -9999 -9999 -9999 -9999 -9999 -9999 -9999 -9999 -9999 -9999 -9999 -9999 -9999 -9999 -9999 -9999 -9999 -9999 -9999 -9999 -9999 -9999 -9999 -9999 -9999 -9999 -9999 -9999 -9999 -9999 -9999 -9999 -9999 -9999 -9999 -9999 -9999 -9999 -9999 -9999 -9999 -9999 -9999 -9999 -9999 -9999 -9999 -9999 -9999 -9999 -9999 -9999 -9999 -9999 -9999 -9999 -9999 -9999 -9999 -9999 -9999 -9999 -9999 -9999 -9999 -9999 -9999
-9999 -9999 -9999 -9999 -9999 -9999 -9999 -9999 -9999 -9999 -9999 -9999 -9999 -9999 -9999 -9999 -9999 -9999 -9999 -9999 -9999 -9999 -9999 -9999 -9999 -9999 -9999 -9999 -9999 -9999 -9999 -9999 -9999 -9999 -9999 -9999 -9999 -9999 -9999 -9999 -9999 -9999 -9999 -9999 -9999 -9999 -9999 -9999 -9999 -9999 -9999 -9999 -9999 -9999 -9999 -9999 -9999 -9999 -9999 -9999 -9999 -9999 -9999 -9999 -9999 -9999 -9999 -9999 -9999 -9999 -9999
-9999 -9999 -9999 -9999 -9999 -9999 -9999 -9999 -9999 -9999 -9999 -9999 -9999 -9999 -9999 -9999 -9999 -9999 -9999 -9999 -9999 -9999 -9999 -9999 -9999 -9999 -9999 -9999 -9999 -9999 -9999 -9999 -9999 -9999 -9999 -9999 -9999 -9999 -9999 -9999 -9999 -9999 -9999 -9999 -9999 -9999 -9999 -9999 -9999 -9999 -9999 -9999 -9999 -9999 -9999 -9999 -9999 -9999 -9999 -9999 -9999 -9999 -9999 -9999 -9999 -9999 -9999 -9999 -9999 -9999 -9999
0.07456297 -9999 -9999 -9999 -9999 -9999 -9999 -9999 -9999 -9999 -9999 -9999 -9999 -9999 -9999 -9999 -9999 -9999 -9999 -9999 -9999 -9999 -9999 -9999 -9999 -9999 -9999 -9999 -9999 -9999 -9999 -9999 -9999 -9999 -9999 -9999 -9999 -9999 -9999 -9999 -9999 -9999 -9999 -9999 -9999 -9999 -9999 -9999 -9999 -9999 -9999 -9999 -9999 -9999 -9999 -9999 -9999 -9999 -9999 -9999 -9999 -9999 -9999 -9999 -9999 -9999 -9999 -9999 -9999 -9999 -9999
3.504422 0.6854096 0.6439273 0.6005089 -9999 -9999 -9999 -9999 -9999 -9999 -9999 -9999 -9999 -9999 -9999 -9999 -9999 -9999 -9999 -9999 -9999 -9999 -9999 -9999 -9999 -9999 -9999 -9999 -9999 -9999 -9999 -9999 -9999 -9999 -9999 -9999 -9999 -9999 -9999 -9999 -9999 -9999 -9999 -9999 -9999 -9999 -9999 -9999 -9999 -9999 -9999 -9999 -9999 -9999 -9999 -9999 -9999 -9999 -9999 -9999 -9999 -9999 -9999 -9999 -9999 -9999 -9999 -9999 -9999 -9999 -9999
5.874106 3.319909 0.6236413 0.349734 0.007437232 -9999 -9999 -9999 -9999 -9999 -9999 -9999 -9999 -9999 -9999 -9999 -9999 -9999 -9999 -9999 -9999 -9999 -9999 -9999 -9999 -9999 -9999 -9999 -9999 -9999 -9999 -9999 -9999 -9999 -9999 -9999 -9999 -9999 -9999 -9999 -9999 -9999 -9999 -9999 -9999 -9999 -9999 -9999 -9999 -9999 -9999 -9999 0.00893802 -9999 -9999 -9999 -9999 -9999 -9999 -9999 -9999 -9999 -9999 -9999 -9999 -9999 -9999 -9999 -9999 -9999 -9999
9.660417 9.912397 9.218814 5.903464 7.101992 7.120129 7.056715 6.442878 4.218086 1.223027 -9999 -9999 -9999 -9999 -9999 -9999 -9999 -9999 -9999 -9999 -9999 -9999 -9999 -9999 -9999 -9999 -9999 -9999 -9999 -9999 -9999 -9999 -9999 0.006270175 2.278623 0.9066953 0.01304499 1.417344 0.06172608 -9999 -9999 -9999 -9999 -9999 0.2441294 0.2274777 -9999 -9999 0.2075609 -9999 -9999 -9999 0.164143 -9999 0.02231656 -9999 -9999 -9999 -9999 -9999 -9999 -9999 -9999 -9999 -9999 -9999 -9999 -9999 -9999 -9999 -9999
10.11073 10.63362 10.59834 10.66854 10.81507 10.7693 10.74815 10.72859 9.485121 5.576057 -9999 -9999 -9999 -9999 -9999 -9999 -9999 -9999 -9999 -9999 -9999 -9999 -9999 -9999 -9999 -9999 -9999 -9999 -9999 -9999 -9999 2.908559 0.4290058 13.31637 19.31376 18.86818 14.16135 18.48688 10.44434 14.42234 10.89421 0.5856541 2.615422 3.987862 3.116695 2.527185 1.339323 -9999 0.002058493 -9999 -9999 -9999 -9999 -9999 -9999 -9999 -9999 -9999 -9999 -9999 -9999 -9999 -9999 -9999 -9999 -9999 -9999 -9999 -9999 -9999 -9999
8.233926 10.08691 10.54638 9.030606 10.8454 9.601234 6.017003 5.369961 10.55593 2.404542 -9999 0.02163521 0.04550157 -9999 -9999 -9999 0.006016727 -9999 -9999 -9999 -9999 -9999 -9999 -9999 -9999 -9999 -9999 -9999 -9999 -9999 -9999 1.094784 0.2698645 0.3405091 5.281138 4.332301 7.203866 1.660877 2.63036 1.348766 -9999 -9999 -9999 0.4629481 2.602163 2.649983 1.246366 -9999 -9999 -9999 -9999 -9999 -9999 -9999 -9999 -9999 -9999 -9999 -9999 -9999 -9999 -9999 -9999 -9999 -9999 -9999 -9999 -9999 -9999 -9999 -9999
11.56231 11.50702 8.637039 6.262299 5.344695 5.311153 12.90531 19.26738 17.88031 12.93246 13.43879 16.73178 16.35412 13.69449 7.914697 1.764559 0.6951227 -9999 0.6313489 5.762658 12.11015 8.165669 6.729379 7.697752 4.095369 0.5430589 -9999 -9999 -9999 -9999 -9999 0.0100944 0.5308922 -9999 -9999 0.3176899 3.218536 11.79883 12.84706 4.950999 -9999 -9999 -9999 -9999 -9999 -9999 -9999 -9999 -9999 -9999 -9999 -9999 -9999 -9999 -9999 -9999 -9999 -9999 -9999 -9999 -9999 -9999 -9999 -9999 -9999 -9999 -9999 -9999 -9999 -9999 -9999
10.9964 11.03163 11.67127 12.12486 12.52966 11.60177 13.51373 21.40324 22.2361 23.57658 25.59217 25.1568 22.46533 20.3698 20.41393 18.38658 16.34662 19.77267 19.20737 18.98611 19.76311 18.12221 15.60373 15.94201 13.11118 4.994583 -9999 -9999 -9999 -9999 -9999 -9999 -9999 -9999 -9999 4.864314 10.4746 16.11415 14.6733 13.88282 9.477798 3.964105 2.800914 3.960691 3.393915 0.7946626 -9999 -9999 -9999 -9999 -9999 -9999 -9999 -9999 -9999 -9999 -9999 -9999 -9999 -9999 -9999 -9999 -9999 -9999 -9999 -9999 -9999 -9999 -9999 -9999 -9999
13.75757 13.75768 13.71638 13.7262 13.71561 13.67295 13.60334 13.15662 6.920658 15.13483 25.87726 13.09073 5.895421 5.346189 5.280258 5.377347 5.405149 10.74643 21.33789 22.0572 22.39088 22.32158 22.32401 20.32983 20.3394 8.176011 0.2970523 0.6134054 15.18056 10.98928 8.403431 10.28297 9.598857 7.166065 9.368985 11.32171 21.06399 21.46864 18.25768 11.59173 11.40829 9.435925 11.00211 11.23148 11.2222 7.837272 5.118757 2.801801 0.04859395 -9999 0.02637048 1.312579 2.062889 1.419048 0.03079043 -9999 -9999 -9999 -9999 -9999 -9999 -9999 -9999 -9999 -9999 -9999 -9999 -9999 -9999 -9999 -9999
14.46072 14.45454 14.47172 14.46668 14.47409 12.67774 8.414823 6.556438 5.778863 9.358607 8.588133 5.821036 5.784149 5.776801 5.736452 5.695434 12.02553 17.25928 23.11439 23.54538 23.4157 21.93742 22.13088 22.6421 23.60707 23.07825 21.31204 18.92852 23.29313 24.00852 25.33179 23.72745 22.18867 21.20278 21.91149 23.51189 23.77919 16.84686 12.54838 12.42441 12.16408 11.98083 10.65511 11.05879 12.69147 13.17386 11.82781 11.29034 17.4029 21.11904 23.84281 27.24446 27.17413 26.40211 20.32174 15.2441 1.022669 0.3373497 0.09585996 -9999 -9999 -9999 -9999 -9999 0.1024939 -9999 1.682733 1.634398 -9999 -9999 -9999
11.8594 11.94745 10.48764 9.40527 7.662861 6.89815 6.082628 6.086095 6.088527 6.095112 6.05067 6.074833 6.049978 6.051675 5.960804 8.060811 20.28863 21.47453 24.14618 24.21043 20.73131 22.66263 24.61029 24.45915 24.3564 24.62877 24.58759 24.34846 28.10101 39.04862 40.85848 39.80634 36.72822 27.83429 26.57244 27.00151 26.74742 26.32886 24.69003 24.73063 21.76229 20.25774 16.37126 17.09365 21.51548 24.14187 24.98677 24.50852 25.40314 26.6894 26.04079 24.40901 24.60461 24.69071 22.0852 18.79302 12.81424 12.46364 16.12242 14.12617 12.82148 11.66154 10.04066 22.5064 25.36806 6.170854 12.38625 41.98208 40.1655 29.35524 17.45089
7.392948 7.502052 7.451592 6.235676 6.333902 6.355412 6.340461 6.323958 6.282137 6.319442 6.26579 6.262819 6.36118 6.230744 6.642229 8.541393 14.55729 15.55305 15.46184 14.36419 15.4108 16.66252 19.90028 26.23449 26.55704 26.6869 26.87462 26.93069 29.53395 43.49304 44.20491 45.50922 45.65385 45.59956 33.7746 28.02118 28.29098 31.65504 30.87271 29.01781 28.73642 28.12655 29.15725 31.59906 32.03605 30.20128 27.76199 24.10705 27.19842 27.7611 24.12404 23.60349 25.6149 27.80621 26.41588 23.00722 21.58047 23.57226 26.04 21.28577 21.40381 21.47483 21.48204 35.11323 44.51244 39.13288 35.72401 41.60269 44.29942 39.9417 19.38859
7.953287 7.981201 7.533444 6.632598 6.640274 6.620847 6.60429 6.615324 6.627582 6.633007 6.644146 6.647584 6.565245 8.509238 14.53432 16.30666 16.28816 16.35408 15.83661 13.45248 15.2657 15.90825 17.3205 25.01604 27.95667 28.0561 29.67902 38.29972 44.6903 47.45247 47.14644 46.41359 46.94434 47.32254 42.85042 25.5488 23.12147 26.89015 28.57135 31.70146 31.33072 29.08693 28.4896 30.26194 35.16898 36.43374 35.05603 31.01174 31.2748 31.66534 31.32661 31.44673 34.07768 34.94713 24.16965 22.21873 22.30891 21.71015 21.84568 22.44128 22.41048 22.34274 22.37639 23.37983 29.33039 32.82176 39.27515 33.18188 21.33639 17.50057 17.00976
8.196883 8.224347 92.77644 120.7342 169.9377 86.85263 118.6017 155.1026 152.64 33.9796 6.913046 6.934983 6.927784 6.869326 110.3801 212.5948 75.83236 15.96109 16.35526 14.11318 15.90783 16.93 17.4242 47.92561 51.50732 50.60058 51.85973 49.50202 49.45427 49.85863 49.80063 49.81203 50.28822 49.64475 49.56601 46.11068 26.33247 22.90751 22.83798 22.79343 25.66558 23.01387 22.70559 28.02042 34.23682 35.58365 33.37338 34.37685 35.99473 37.44465 34.80316 34.15298 35.56796 36.70116 29.16732 22.50263 23.29882 23.38441 23.32172 23.15928 23.27178 23.24915 22.1777 21.73127 20.63629 18.51936 17.82014 17.27522 17.33776 16.7294 16.76393
8.435017 8.844969 136.0431 256.8494 255.886 256.0004 255.3669 255.4495 184.9868 17.67945 7.198532 25.32739 33.66628 148.3378 276.0458 268.4593 216.1923 71.02215 17.83785 16.89511 13.50696 35.99942 46.31575 68.18855 72.66386 72.77809 71.79765 64.12182 52.15918 53.1084 54.76583 56.19461 57.72807 57.11704 56.81796 56.9994 47.27097 40.99996 35.69366 27.59016 24.12303 23.71036 23.476 26.19296 34.2324 39.73161 37.01844 35.95002 37.83578 25.08085 15.62735 13.85413 14.0268 14.8916 13.23156 15.70523 20.3845 23.13051 24.25929 24.16621 24.12158 21.89919 17.93303 17.93471 17.91699 17.98083 17.90904 16.81981 17.43277 16.99141 17.85204
8.974672 27.50145 144.92 191.3582 224.9341 265.1804 267.3742 266.2592 266.3824 235.5819 191.9968 272.543 274.0492 277.848 276.8345 289.6327 262.5143 258.9158 231.8143 202.6976 186.5333 67.94583 67.04176 74.05416 75.63763 75.63946 75.39925 75.45094 66.9114 59.61667 59.88625 59.81399 59.81227 59.86457 59.55624 59.7299 61.9568 62.8703 62.48806 62.75245 55.15837 41.8646 33.81301 28.86769 50.87919 58.18416 51.89265 43.19667 23.55063 14.32988 14.13315 15.86006 22.08596 34.71193 17.17907 10.69994 10.68646 11.19827 14.44864 11.68819 11.29839 11.63671 12.88646 14.11857 16.3185 18.57057 17.73383 17.72833 18.74684 18.16736 15.76328
9.263046 9.233839 10.85175 12.7416 68.876 215.8723 261.2975 255.0471 271.1676 272.4701 259.1311 269.8211 280.8666 281.639 274.4357 290.711 296.05 287.8299 274.5139 228.9808 126.1653 96.53579 84.78213 95.59679 382.9012 583.5894 487.0691 507.3312 419.201 227.6978 66.97524 61.92098 61.67135 61.87618 62.06092 62.51772 63.99077 64.87428 65.08961 65.17471 65.32621 73.24787 81.60598 80.16313 99.89892 109.6955 109.593 39.30977 14.84048 14.74855 14.91659 34.891 38.56769 35.93143 17.569 11.08354 11.06755 11.10525 10.57836 8.861632 8.856118 8.840031 8.81836 8.390818 9.715481 16.72773 19.22388 19.23582 19.29981 19.24656 19.31225
9.67934 9.654211 11.69436 13.48429 13.22691 105.2328 279.7247 237.7679 276.7136 285.4676 274.8902 266.5162 266.0458 259.8961 272.9907 281.7935 311.287 321.0362 247.4571 194.4097 197.798 172.7269 156.6541 161.0377 8782.66 16202.12 1159.215 898.6722 783.6361 560.895 341.2143 140.1901 63.73953 62.88217 60.49276 60.079 49.05138 55.32858 65.95821 64.75571 66.36652 79.58553 79.84521 77.41386 89.53691 138.069 142.0553 126.4076 30.28641 20.00418 27.17356 39.69515 39.19058 22.53084 11.44259 11.47977 11.30574 11.29933 10.34457 4.930798 6.479465 8.802432 8.760423 8.911545 9.20147 11.96385 22.94776 24.1359 24.82067 25.55177 20.82745
10.26865 12.26515 13.92751 13.88972 13.86611 66.29786 265.4697 296.6148 298.8894 313.9232 319.4324 314.5083 308.9177 282.855 225.7075 139.4092 141.5846 164.9947 163.8984 123.1221 234.2628 446.1622 515.0658 683.8162 2140.853 7657.026 1536.757 880.2227 710.8273 689.4214 471.7296 164.7267 60.00802 59.03992 51.68814 37.80823 21.8679 21.9564 24.21118 23.50721 27.99658 22.57417 42.95827 68.7588 68.74319 70.14641 113.8539 182.117 182.9905 80.62543 41.74723 44.83697 30.64636 4.722319 2.200535 2.49145 9.996191 9.77521 4.290133 1.662939 8.854053 11.0226 16.32188 20.64179 26.54782 30.75996 32.81214 32.76326 26.99954 13.29679 4.063161
11.42325 13.8675 14.41098 14.30233 14.4055 48.52839 302.6637 337.6662 338.349 337.045 316.1447 234.5877 255.3425 165.9955 109.5796 107.6418 106.4485 107.3689 108.083 108.0333 149.6709 358.2079 181.1367 156.9859 245.761 487.0785 619.6545 380.6491 224.9631 70.24438 57.3797 58.01085 59.29371 59.064 33.26808 22.64395 22.25953 22.61003 22.44718 22.65261 22.67809 29.32619 52.69495 65.15076 66.10457 67.2701 101.4044 145.0977 93.00101 64.5202 56.7868 26.61848 0.1460017 -9999 -9999 0.1140405 2.349057 3.728399 28.87254 38.009 30.22509 27.56717 27.42687 19.11889 14.32347 18.68132 26.0949 9.848062 0.7205248 -9999 -9999
10.81167 14.10813 14.83301 14.83859 14.80717 188.0439 314.2502 275.073 272.9192 234.9629 153.6648 137.8268 137.6352 126.9823 121.4748 111.0402 112.2512 111.5179 117.4058 147.9508 173.0309 182.246 183.4262 183.2483 183.2162 223.327 229.3867 159.0526 62.2472 46.7439 50.24923 40.63773 39.10152 33.80576 25.19086 23.48386 23.48673 23.47382 18.846 14.67248 14.25067 14.4617 16.24965 40.76912 42.70582 20.36407 6841.78 1034.048 64.17448 56.32649 30.53971 2.817001 -9999 -9999 -9999 221.0766 43.44863 34.96113 50.09113 15.92977 6.750899 0.8188102 1.94178 -9999 -9999 -9999 0.5140355 -9999 -9999 -9999 -9999
161.056 34.74303 141.1055 150.2174 149.4983 253.6331 221.5459 139.373 74.46133 87.86477 141.8977 141.4768 141.0848 132.1805 126.3107 116.1499 116.2751 115.5934 127.0294 279.7509 279.1435 188.7073 188.5786 187.6452 187.3682 187.9113 186.2951 173.4592 58.28772 6.407032 6.33962 6.408442 6.415883 6.409375 14.41279 21.66376 21.16008 8.893172 0.008345886 -9999 -9999 -9999 -9999 -9999 -9999 -9999 0.02116944 6.746769 2.991578 -9999 -9999 -9999 -9999 0.04351512 5.803806 24.30733 34.28476 49.03605 16.70461 4.81214 6.141488 -9999 -9999 -9999 -9999 -9999 -9999 -9999 -9999 -9999 -9999
1023.2 722.7375 888.3044 383.343 291.2067 271.6358 227.692 75.99733 73.56386 120.9764 144.8956 183.8897 152.0858 118.1696 100.5239 155.2276 247.3001 238.1816 258.8164 593.603 496.4416 449.3148 359.4588 213.2004 199.8353 208.6718 194.9013 147.3392 7.420748 6.605744 6.605624 6.553634 6.589291 6.607914 6.515818 4.356201 0.8960076 -9999 -9999 -9999 -9999 -9999 -9999 -9999 -9999 -9999 -9999 -9999 -9999 -9999 -9999 -9999 3.814443 29.98257 34.32108 35.48013 91.46389 92.96339 70.19088 3.988133 -9999 -9999 -9999 -9999 -9999 -9999 -9999 -9999 -9999 -9999 -9999
1442.497 918.8147 888.6852 330.6288 312.7023 229.1171 190.1025 179.0314 194.8647 279.6011 350.8823 321.1125 112.7363 107.0586 103.9082 114.0918 114.6979 167.7952 296.4653 398.4929 584.0952 613.9297 615.6142 612.5621 604.8219 614.0041 568.0187 242.1641 6.778565 6.771688 6.781859 6.779143 6.791024 6.050322 1.384288 -9999 -9999 -9999 -9999 0.0230769 -9999 -9999 -9999 -9999 -9999 -9999 -9999 -9999 -9999 -9999 -9999 3.917997 32.48705 40.15199 49.61179 102.9235 155.5475 155.5001 115.4992 28.45484 -9999 -9999 -9999 -9999 -9999 -9999 -9999 -9999 -9999 -9999 -9999
457.1253 427.9839 365.308 343.4126 308.7762 2534.736 245.1594 451.2784 175.8458 222.2978 189.3064 166.8988 139.7993 137.1465 89.72015 47.74344 28.03326 50.93753 111.5666 111.9563 3162.73 200.807 305.7759 283.1313 323.6849 257.5591 237.4301 80.34042 52.24757 10.32302 10.25039 8.921626 3.544083 1.324827 0.164437 -9999 -9999 -9999 -9999 -9999 -9999 -9999 -9999 -9999 -9999 -9999 -9999 -9999 -9999 -9999 -9999 25.15102 54.60854 53.72901 124.7726 216.2992 262.7736 188.8379 0.3184443 -9999 -9999 4.23033 21.74663 -9999 -9999 -9999 -9999 -9999 -9999 -9999 -9999
306.478 291.855 335.107 345.8142 224.193 125.2777 724.9929 519.3985 106.0757 107.6645 107.5717 126.6118 143.0903 150.8707 56.66605 51.21688 183.3461 332.1462 320.9896 438.3259 140.4523 132.4398 116.9419 95.45564 103.8591 117.3401 104.1676 43.81055 12.41349 12.10069 12.03961 8.775878 6.161581 3.428068 0.9367373 112.995 17.93162 -9999 162.0637 -9999 -9999 -9999 -9999 -9999 -9999 -9999 -9999 -9999 -9999 -9999 -9999 18.78144 71.18381 154.1442 357.5153 694.9102 501.3348 404.1495 22.33812 -9999 -9999 -9999 18.45105 8.45359 0.3519488 -9999 -9999 -9999 -9999 -9999 -9999
2676.072 1851.282 546.3395 301.0108 393.7039 1280.817 1168.614 291.0445 307.3965 321.4122 207.0764 172.8868 332.4961 992.1858 873.1213 765.4894 648.0226 557.962 1834.331 704.2088 772.4344 799.1323 424.8647 2198.861 123.3005 177.4986 130.1938 81.38148 45.92239 76.61554 76.50234 12.46378 18.19035 17.81626 172.0201 680.14 717.0336 209.8069 661.3493 70.45506 -9999 -9999 -9999 -9999 -9999 -9999 -9999 -9999 -9999 -9999 -9999 1.454509 154.5137 751.7007 11949.58 676.075 4.845183 -9999 -9999 -9999 -9999 -9999 -9999 -9999 -9999 -9999 -9999 -9999 -9999 -9999 -9999
