manual/examples/resources/data/gpw/gpw_v4_basic_demographic_characteristics_rev10_a000_014bt_2010_dens_1_deg.asc
ncols         360
nrows         145
xllcorner     -180
yllcorner     -60
cellsize      0.99999999999994
NODATA_value  -9999
[rows 64 to 95 of 145, columns 142 to 212 of 360]
-9999 -9999 -9999 -9999 -9999 -9999 -9999 -9999 -9999 -9999 -9999 -9999 -9999 -9999 -9999 -9999 -9999 -9999 -9999 -9999 328.9772 0.06417082 0.1552586 0.2132213 1.112121 0.2855688 0.02948599 0.02906754 0.0302503 0.03143269 0.03492648 0.03972988 0.05741755 0.04019044 0.03731214 0.03731206 0.03728288 0.05620282 0.06983283 0.1272127 0.09942628 0.04876354 0.05631204 0.08222933 0.1791328 0.6222346 0.09801167 0.0979775 0.09718038 0.02901375 0.02901375 0.02901375 0.02901375 0.03955086 0.07665303 0.05523022 0.04669294 0.04673842 0.07745363 0.1390659 0.07382673 0.03773101 0.03765841 0.2219143 0.2213979 0.2208573 0.2205098 0.2203034 0.2196748 0.2197808 0.7976115
-9999 -9999 -9999 -9999 -9999 -9999 -9999 -9999 -9999 -9999 -9999 -9999 -9999 -9999 -9999 -9999 -9999 -9999 -9999 -9999 -9999 0.1769707 0.1541249 0.1965953 0.3232642 0.121756 0.2894696 0.02686277 0.0242916 0.02563191 0.03904269 0.03927989 0.05694443 0.05466394 0.03731214 0.07583085 0.1261811 0.04052045 0.1727602 0.3184363 0.167494 0.06078679 0.1112738 0.2175963 0.6922771 0.735763 0.1145803 0.0979775 0.09731276 0.02901375 0.02901375 0.02901375 0.02901375 0.0435669 0.07258224 0.04754089 0.04669294 0.1051109 0.1654692 0.1654692 0.1654692 0.1354486 0.3833553 0.3833691 0.3833691 0.7430635 1.100516 1.094851 4.157867 1.27683 1.420481
-9999 -9999 -9999 -9999 -9999 -9999 -9999 -9999 -9999 -9999 -9999 -9999 -9999 -9999 -9999 -9999 -9999 -9999 -9999 -9999 -9999 71.19023 23.34526 0.4749843 0.5746275 0.862376 0.6913409 0.08712928 0.01898244 0.02926613 0.03927989 0.03927989 0.05448146 0.1352283 0.06982111 0.08789768 0.2684643 0.6344891 0.3972221 0.8360559 0.2606529 0.05409484 0.3010522 0.3930386 0.7325478 0.6693671 0.1669108 0.1081412 0.1920353 0.02901375 0.02901375 0.02901375 0.02901375 0.04875467 0.1141171 0.1252147 0.1252825 0.224978 0.1692959 0.1654692 0.1654692 0.1654692 0.3833425 0.3833691 0.3833691 0.58377 0.7846037 0.7809826 0.8445684 2.673757 3.776734
-9999 -9999 -9999 -9999 -9999 -9999 -9999 -9999 -9999 -9999 -9999 -9999 17.70442 85.62673 -9999 -9999 -9999 -9999 -9999 -9999 -9999 3.674291 3.523857 1.426281 2.281532 2.429802 1.244923 0.5946009 0.2763163 0.170848 0.03950074 0.03927989 0.05780777 0.07175304 0.2609465 0.2927254 1.357862 1.102512 0.7792457 0.5675679 0.09589696 0.1219641 0.3102446 0.3842604 0.4480034 1.755431 3.301259 2.20744 1.560202 0.08183727 0.1542607 0.1891127 0.1903797 0.1557568 0.1420391 0.1420523 0.2769805 0.5353809 0.3521164 0.1654692 0.1709683 0.1769882 0.3833437 0.3833691 0.3833691 0.4633813 0.5419765 0.7973475 1.416275 1.940328 4.581802
-9999 -9999 -9999 -9999 -9999 -9999 -9999 -9999 -9999 -9999 -9999 -9999 26.56802 33.12408 -9999 11.33172 -9999 -9999 -9999 -9999 -9999 17.09734 12.47214 9.763129 8.863474 6.130435 4.55023 2.975987 2.437614 2.012096 3.132148 0.5303714 0.7126046 1.274334 11.50394 3.163363 1.586768 7.475269 2.275681 0.6707231 0.2674717 0.1845735 0.691178 2.042523 2.069844 0.5858076 0.8614965 0.4404295 0.2792283 0.2672569 0.1927522 0.1927522 0.2312051 0.5699864 0.3564766 0.1511228 0.4169064 0.5566339 0.352515 0.1654692 1.533882 1.973749 0.6090165 0.3833691 0.4042245 1.002124 1.090192 1.472633 1.620616 16.08731 42.69056
-9999 -9999 -9999 -9999 -9999 -9999 -9999 -9999 -9999 -9999 -9999 -9999 -9999 20.21828 81.24548 3.293232 -9999 -9999 -9999 -9999 56.69487 42.7951 12.28427 5.636657 12.1202 10.6411 5.832573 7.673739 10.13116 5.096812 4.687232 3.160317 2.728426 6.689152 9.376408 2.767667 2.041807 1.410471 4.448704 3.077373 2.313003 3.357101 6.210262 10.1657 6.19593 2.579598 5.189819 5.173075 0.2674082 0.2671421 0.1927522 0.202184 0.645635 0.7883809 0.8270094 0.8656617 1.125686 1.907622 2.687773 3.925513 4.059073 1.883268 0.7372903 0.3833691 0.3843391 1.452183 1.489232 1.683357 2.058669 2.666892 134.9473
-9999 -9999 -9999 -9999 -9999 -9999 -9999 -9999 -9999 -9999 -9999 -9999 -9999 27.92162 38.09483 -9999 -9999 -9999 -9999 -9999 1003.652 94.18142 43.35111 7.252701 5.463797 7.870888 15.74294 8.993442 9.231837 3.577656 4.414492 5.939036 12.69657 18.50912 22.63842 10.52479 8.918091 13.18481 13.96777 16.90638 10.35809 10.60533 19.66595 43.09785 35.93364 27.39948 16.88762 16.71842 4.02206 1.873219 2.65509 3.164638 2.41393 4.385159 1.203012 1.217325 2.147923 3.056347 5.712757 7.932892 7.418179 4.331799 2.119364 5.465048 3.02788 1.784826 1.526874 2.941508 4.496836 9.042776 42.79347
-9999 -9999 -9999 -9999 -9999 -9999 -9999 -9999 -9999 -9999 -9999 -9999 -9999 -9999 -9999 -9999 -9999 -9999 -9999 -9999 -9999 89.30762 33.81623 20.01536 10.52824 5.099408 4.809928 5.337972 7.834271 7.286145 15.87867 26.11081 23.97972 22.97048 18.4783 34.73095 34.58564 26.09712 16.82087 18.95247 57.6013 27.25054 28.34221 89.90012 51.85094 79.95649 80.20656 38.0336 11.96491 9.544377 12.00548 14.99779 9.996374 16.60843 6.483881 3.953234 2.356221 3.416783 7.939303 14.10184 18.20077 17.27162 20.92266 13.23491 3.683086 5.057337 6.786659 11.31944 15.49085 12.52489 36.94908
-9999 -9999 -9999 -9999 -9999 -9999 -9999 -9999 -9999 -9999 -9999 -9999 -9999 -9999 -9999 -9999 -9999 -9999 -9999 -9999 -9999 27.93716 24.36644 19.78276 10.66894 6.699191 5.329203 4.331363 6.062338 40.69094 70.00079 19.96273 31.95773 22.4362 21.59827 42.36461 98.06374 42.22396 15.98573 10.00704 16.61825 33.2471 67.40665 55.51268 71.79671 122.0758 211.9045 78.83644 66.03375 19.80071 18.83658 24.67153 41.63692 35.60838 7.188194 6.424208 7.225454 4.920357 3.863054 9.517135 12.44999 9.146891 20.32911 16.56212 5.184549 7.6119 7.41831 8.264418 13.84899 10.01524 12.22008
-9999 -9999 -9999 -9999 -9999 -9999 -9999 -9999 -9999 -9999 -9999 -9999 -9999 -9999 -9999 -9999 -9999 -9999 -9999 -9999 -9999 10.01964 40.36883 7.095116 9.327101 33.61934 9.909594 6.539701 16.41229 17.34197 14.03457 17.26622 25.81731 41.79841 22.80087 20.88148 21.61591 43.21386 21.44626 13.05175 15.53333 25.00564 44.83539 42.23064 36.12716 139.7163 242.8496 96.38519 78.42727 38.87587 17.75444 56.94563 33.88836 11.43443 4.354044 4.661561 5.801176 3.13139 3.54833 3.890307 6.701514 11.03882 26.63556 18.81355 12.19398 6.700694 5.026371 5.058033 5.564939 4.536305 4.276446
-9999 -9999 -9999 -9999 -9999 -9999 -9999 -9999 -9999 -9999 -9999 -9999 -9999 -9999 -9999 -9999 -9999 -9999 -9999 -9999 -9999 -9999 10.59087 27.16739 17.53261 21.63877 10.8381 8.297462 17.00961 7.148877 6.36343 14.58618 20.40299 18.98315 16.98702 19.51337 15.307 38.13301 38.56468 21.3927 15.57427 14.89126 19.39623 23.61398 24.87646 80.60573 55.88089 38.07287 39.22931 68.07356 32.03693 78.06439 61.8182 23.30562 8.107248 5.3096 2.810047 2.945265 3.280546 0.8855247 0.8195566 7.627407 13.81974 6.141606 9.039928 5.306989 3.387494 2.809114 2.814806 3.270751 3.492175
-9999 -9999 -9999 -9999 -9999 -9999 -9999 -9999 -9999 -9999 -9999 -9999 -9999 -9999 -9999 -9999 -9999 -9999 -9999 -9999 -9999 -9999 -9999 38.74308 144.2243 22.32289 11.38087 12.55267 8.960518 5.501761 5.746972 9.787506 24.56031 5.635261 5.92471 11.69872 7.240665 30.10894 21.51253 30.67755 21.34966 13.69378 13.24512 34.58055 46.01112 70.57413 96.83646 58.64415 22.31173 51.95816 51.26644 41.79539 26.36982 35.07961 18.48851 13.59817 7.15591 4.325814 0.8554475 0.5293543 0.4747134 2.765286 4.634397 0.4068577 8.949232 14.63197 10.00325 8.658196 5.173387 10.20327 3.417653
-9999 -9999 -9999 -9999 -9999 -9999 -9999 -9999 -9999 -9999 -9999 -9999 -9999 -9999 -9999 -9999 -9999 -9999 -9999 -9999 -9999 -9999 -9999 -9999 249.7304 31.79882 23.67701 32.87394 13.54239 11.92476 6.856278 8.966945 11.3578 6.879416 6.178323 11.46717 7.684654 14.75932 20.38485 19.69517 18.799 38.57274 80.17696 41.59876 31.42171 47.59422 45.93997 32.70144 18.91844 26.75583 18.12384 14.71327 7.567341 21.63883 26.997 21.85291 8.751886 0.5388383 0.383115 0.4037378 0.2083555 1.068813 1.128943 0.4068577 3.632548 10.43471 14.52118 9.505906 7.55755 6.14584 7.954395
-9999 -9999 -9999 -9999 -9999 -9999 -9999 -9999 -9999 -9999 -9999 -9999 -9999 -9999 -9999 -9999 -9999 -9999 -9999 -9999 -9999 -9999 -9999 -9999 28.89225 16.6155 39.39758 8.870047 12.40243 33.81235 30.38386 25.44975 29.88625 24.71651 17.20277 37.54052 30.48129 10.70591 34.56393 41.22539 46.30263 126.8103 164.0778 141.1325 80.10769 65.52068 67.85954 52.09294 17.16852 8.012252 4.408859 8.199681 7.167823 9.235617 9.359571 4.262617 2.859621 1.431736 0.2491589 1.032059 0.5739002 0.1050056 0.04001527 0.2557183 1.133965 3.706735 6.395786 9.935177 6.348316 6.000461 6.493563
-9999 -9999 -9999 -9999 -9999 -9999 -9999 -9999 -9999 -9999 -9999 -9999 -9999 -9999 -9999 -9999 -9999 -9999 -9999 -9999 -9999 -9999 -9999 -9999 -9999 -9999 16.33215 64.65233 11.49648 15.52964 27.65405 43.84416 45.54824 22.98063 27.55952 34.9682 121.05 54.10426 51.73553 149.4115 213.2539 604.0539 69.07914 63.8894 134.0377 160.0155 86.93928 39.96567 43.25885 17.95419 6.325911 7.442842 6.309105 6.747281 4.307426 5.659344 2.407434 3.467584 0.6302971 1.737692 0.7656534 0.1242593 0.1418514 0.02563992 1.33093 1.475714 3.519869 6.971042 8.691219 6.533937 4.578483
-9999 -9999 -9999 -9999 -9999 -9999 -9999 -9999 -9999 -9999 -9999 -9999 -9999 -9999 -9999 -9999 -9999 -9999 -9999 -9999 -9999 -9999 -9999 -9999 -9999 -9999 -9999 95.82584 7.789749 4.751906 8.27759 36.16962 28.77209 151.4987 93.92176 25.47653 61.62864 243.3969 68.01488 187.105 -9999 -9999 85.17168 102.8125 142.6058 280.1682 40.63359 21.25417 75.20158 7.839836 2.463674 5.582794 4.357858 3.766551 3.176138 2.32915 1.30759 3.679641 5.984597 3.183536 0.6011758 0.5427526 0.4220041 1.2828 0.9862249 2.177679 4.362111 3.061747 4.193023 6.774356 4.216857
-9999 -9999 -9999 -9999 -9999 -9999 -9999 -9999 -9999 -9999 -9999 -9999 -9999 -9999 -9999 -9999 -9999 -9999 -9999 -9999 -9999 -9999 -9999 -9999 -9999 -9999 -9999 -9999 36.78469 6.999346 19.94165 54.28453 30.77395 -9999 -9999 40.8426 321.5903 -9999 -9999 -9999 -9999 -9999 -9999 59.95526 125.5845 300.9918 109.0682 74.19579 7.898359 14.50437 4.735881 4.508021 5.53229 7.328367 3.885713 3.374158 36.25851 9.944778 9.464998 7.68413 5.537182 2.191243 2.183231 1.277001 1.064759 2.228256 4.069899 4.412493 10.26164 9.509101 9.350314
-9999 -9999 -9999 -9999 -9999 -9999 -9999 -9999 -9999 -9999 -9999 -9999 -9999 -9999 -9999 -9999 -9999 -9999 -9999 -9999 -9999 -9999 -9999 -9999 -9999 -9999 -9999 -9999 -9999 -9999 -9999 -9999 -9999 -9999 -9999 -9999 -9999 -9999 -9999 -9999 -9999 -9999 -9999 -9999 -9999 -9999 61.05489 139.257 7.926461 87.505 4.813877 2.871875 3.167161 3.110646 2.794716 3.57545 8.180928 25.28763 13.76122 9.072169 6.47484 2.956531 3.069007 3.508667 4.367448 5.033597 3.120897 8.152478 44.8839 50.69378 18.68357
-9999 -9999 -9999 -9999 -9999 -9999 -9999 -9999 -9999 -9999 -9999 -9999 -9999 -9999 -9999 -9999 -9999 -9999 -9999 -9999 -9999 -9999 -9999 -9999 -9999 -9999 -9999 -9999 -9999 -9999 -9999 -9999 -9999 -9999 -9999 -9999 -9999 -9999 -9999 -9999 -9999 -9999 -9999 -9999 -9999 -9999 -9999 11.0217 8.159155 7.726037 3.446125 2.874401 2.090378 1.968351 1.319733 1.70622 13.0603 15.46196 14.46437 14.73123 13.90076 5.567429 4.207032 5.092623 4.972373 10.25449 8.075544 10.52486 74.54006 34.2822 60.29399
-9999 -9999 -9999 -9999 -9999 -9999 -9999 -9999 -9999 -9999 -9999 -9999 -9999 -9999 -9999 -9999 -9999 -9999 -9999 -9999 -9999 -9999 -9999 -9999 -9999 -9999 -9999 -9999 -9999 -9999 -9999 -9999 -9999 -9999 -9999 -9999 -9999 -9999 -9999 -9999 -9999 -9999 -9999 -9999 -9999 21.06828 -9999 18.10909 9.174849 7.440341 1.384415 0.6438146 0.7510366 0.7225848 0.9466435 1.747844 4.625708 7.471856 8.351972 9.976783 4.790254 4.435345 5.143021 4.008554 2.326934 5.175456 4.076269 17.47951 63.8864 44.44899 36.23158
-9999 -9999 -9999 -9999 -9999 -9999 -9999 -9999 -9999 -9999 -9999 -9999 -9999 -9999 -9999 -9999 -9999 -9999 -9999 -9999 -9999 -9999 -9999 -9999 -9999 -9999 -9999 -9999 -9999 -9999 -9999 -9999 -9999 -9999 -9999 -9999 -9999 -9999 -9999 -9999 -9999 -9999 -9999 -9999 78.35445 -9999 -9999 45.38586 0.8020273 0.899261 0.6956586 0.741702 1.315273 1.046573 0.9114612 1.905689 6.967296 6.486242 5.307437 5.411329 5.166399 6.315089 12.6392 25.49816 1.963093 2.364815 21.93143 92.25047 77.56521 53.98217 205.0124
-9999 -9999 -9999 -9999 -9999 -9999 -9999 -9999 -9999 -9999 -9999 -9999 -9999 -9999 -9999 -9999 -9999 -9999 -9999 -9999 -9999 -9999 -9999 -9999 -9999 -9999 -9999 -9999 -9999 -9999 -9999 -9999 -9999 -9999 -9999 -9999 -9999 -9999 -9999 -9999 -9999 -9999 -9999 -9999 9.270075 -9999 6.88857 7.520783 1.553235 0.701399 0.9883862 0.9887891 1.473768 1.52543 1.5269 3.354725 16.91785 5.505763 5.599103 5.770791 4.515137 4.878473 3.867673 2.776848 3.906772 3.617029 15.85492 60.81849 90.00616 76.50573 57.613
-9999 -9999 -9999 -9999 -9999 -9999 -9999 -9999 -9999 -9999 -9999 -9999 -9999 -9999 -9999 -9999 -9999 -9999 -9999 -9999 -9999 -9999 -9999 -9999 -9999 -9999 -9999 -9999 -9999 -9999 -9999 -9999 -9999 -9999 -9999 -9999 -9999 -9999 -9999 -9999 -9999 -9999 -9999 66.51953 -9999 -9999 2.165174 1.993013 0.9524645 1.274126 1.812321 8.324557 1.463261 1.708862 3.555282 7.287756 7.013988 4.338192 1.23119 1.88563 3.729234 3.635003 3.244706 2.892119 4.336635 5.887547 41.06594 185.5067 114.2059 57.12698 293.4835
-9999 -9999 -9999 -9999 -9999 -9999 -9999 -9999 -9999 -9999 -9999 -9999 -9999 -9999 -9999 -9999 -9999 -9999 -9999 -9999 -9999 -9999 -9999 -9999 -9999 -9999 -9999 -9999 -9999 -9999 -9999 -9999 -9999 -9999 -9999 -9999 -9999 -9999 -9999 -9999 -9999 -9999 -9999 -9999 -9999 -9999 -9999 0.5985124 1.145673 2.078161 2.733251 2.760678 1.996366 1.718109 9.710177 4.507401 5.470794 4.119426 2.803223 1.783393 0.1653983 0.03966926 0.3142215 8.526164 5.575367 5.759066 96.98458 170.8151 113.6114 36.23131 117.6151
-9999 -9999 -9999 -9999 -9999 24.97972 -9999 -9999 -9999 -9999 -9999 -9999 -9999 -9999 -9999 -9999 -9999 -9999 -9999 -9999 -9999 -9999 -9999 -9999 -9999 -9999 -9999 -9999 -9999 -9999 -9999 -9999 -9999 -9999 -9999 -9999 -9999 -9999 -9999 -9999 -9999 -9999 -9999 -9999 -9999 -9999 -9999 -9999 0.5326046 1.450406 3.920354 3.63176 2.774856 1.589014 3.414727 10.92466 5.101987 4.480614 2.796006 2.47816 0.2001458 -9999 0.4544892 5.367584 11.00819 7.721006 24.33686 160.8784 67.78616 20.44505 48.03065
14.21235 7.134729 -9999 -9999 -9999 -9999 -9999 -9999 -9999 -9999 -9999 -9999 -9999 -9999 -9999 -9999 -9999 -9999 -9999 -9999 -9999 -9999 -9999 -9999 -9999 -9999 -9999 -9999 -9999 -9999 -9999 -9999 -9999 -9999 -9999 -9999 -9999 -9999 -9999 -9999 -9999 -9999 -9999 -9999 -9999 -9999 -9999 -9999 -9999 57.01157 6.48485 13.33242 7.358015 280.8806 10.05444 11.40225 25.17685 21.79952 11.45235 13.60629 11.67051 2.787421 0.4253686 4.437371 14.12927 8.924937 13.84705 88.82372 29.58787 5.908031 26.71357
8.760262 5.845717 44.13203 -9999 -9999 -9999 -9999 -9999 -9999 -9999 -9999 -9999 -9999 -9999 -9999 -9999 -9999 -9999 -9999 -9999 -9999 -9999 -9999 -9999 -9999 -9999 -9999 -9999 -9999 -9999 -9999 -9999 -9999 -9999 -9999 -9999 -9999 -9999 -9999 -9999 -9999 -9999 -9999 -9999 -9999 -9999 -9999 -9999 -9999 2.899087 35.97083 36.49872 19.96013 17.64242 11.18509 13.63154 32.50271 19.15029 16.99101 20.84538 54.74028 14.84509 9.744019 9.547263 13.42075 9.201493 7.420475 14.97112 7.014123 7.87367 15.54403
7.342527 7.567714 21.0383 29.24125 -9999 -9999 -9999 -9999 -9999 -9999 -9999 -9999 -9999 -9999 -9999 -9999 -9999 -9999 -9999 -9999 -9999 -9999 -9999 -9999 -9999 -9999 -9999 -9999 -9999 -9999 -9999 -9999 -9999 -9999 -9999 -9999 -9999 -9999 -9999 -9999 -9999 -9999 -9999 -9999 -9999 -9999 -9999 -9999 -9999 -9999 13.53946 2.883497 8.350984 9.416828 9.909269 8.776677 7.363643 13.98571 29.2902 27.22645 31.17677 150.5912 26.80878 15.05381 7.202974 6.335029 8.294898 8.406316 8.203605 8.018462 1.282631
10.89503 7.446351 39.83588 212.3502 -9999 -9999 -9999 -9999 -9999 -9999 -9999 -9999 -9999 -9999 -9999 -9999 -9999 -9999 -9999 -9999 -9999 -9999 -9999 0.9568137 -9999 -9999 -9999 -9999 -9999 -9999 -9999 -9999 -9999 -9999 -9999 -9999 -9999 -9999 -9999 -9999 -9999 -9999 -9999 -9999 -9999 -9999 -9999 -9999 -9999 -9999 1.921354 2.480754 11.23933 35.54987 4.785502 8.159597 8.303455 5.274965 9.17887 12.61934 18.38668 28.74315 8.914919 14.00438 23.44267 17.06588 9.155735 8.909558 11.69237 20.06366 0.8473495
7.639317 20.25192 42.48184 1163.207 -9999 -9999 -9999 -9999 -9999 -9999 -9999 -9999 -9999 -9999 -9999 -9999 -9999 -9999 -9999 -9999 -9999 -9999 -9999 -9999 -9999 -9999 -9999 -9999 -9999 -9999 -9999 -9999 -9999 -9999 -9999 -9999 -9999 -9999 -9999 -9999 -9999 -9999 -9999 -9999 -9999 -9999 -9999 -9999 -9999 -9999 -9999 154.4578 8.198143 7.737839 2.995586 4.174747 4.046594 0.9784212 3.554087 6.339495 4.441833 5.223109 6.667602 9.283006 20.02548 11.63171 11.352 11.37267 6.166645 20.36191 22.269
13.98487 28.51084 75.36633 -9999 -9999 -9999 -9999 -9999 -9999 -9999 -9999 -9999 -9999 -9999 -9999 -9999 -9999 -9999 -9999 -9999 -9999 -9999 -9999 -9999 -9999 -9999 -9999 -9999 -9999 -9999 -9999 -9999 -9999 -9999 -9999 -9999 -9999 -9999 -9999 -9999 -9999 -9999 -9999 -9999 -9999 -9999 -9999 -9999 -9999 -9999 241.9784 40.33474 12.18889 7.121654 22.25957 2.265584 2.380033 1.923502 6.552706 2.532339 5.08407 5.145134 6.232115 9.520996 9.281297 6.807269 14.43299 6.633271 5.518417 9.428779 18.87089
30.98244 19.21914 -9999 -9999 -9999 -9999 -9999 -9999 -9999 -9999 -9999 -9999 -9999 -9999 -9999 -9999 -9999 -9999 -9999 -9999 -9999 -9999 -9999 -9999 -9999 -9999 -9999 -9999 -9999 -9999 -9999 -9999 -9999 -9999 -9999 -9999 -9999 -9999 -9999 -9999 -9999 -9999 -9999 -9999 -9999 -9999 -9999 -9999 -9999 -9999 -9999 7.977846 19.07522 5.591179 4.610054 2.930653 1.450124 2.601797 3.016254 1.352959 6.479693 7.523168 6.278106 6.8153 18.41069 8.141017 9.702915 6.750514 7.382549 6.159823 4.880535
