manual/examples/resources/data/gpw/gpw_v4_basic_demographic_characteristics_rev10_a000_014bt_2010_cntm_1_deg.asc
ncols         360
nrows         145
xllcorner     -180
yllcorner     -60
cellsize      0.99999999999994
NODATA_value  -9999
[rows 32 to 63 of 145, columns 142 to 212 of 360]
-9999 -9999 -9999 -9999 -9999 -9999 -9999 -9999 -9999 -9999 -9999 -9999 -9999 -9999 -9999 -9999 -9999 -9999 -9999 -9999 -9999 -9999 -9999 -9999 -9999 -9999 -9999 1663.327 39276.28 82250.31 70580.23 63245.14 130.4952 17868.81 33237.44 395826.3 918822 353068.2 165425.4 159461.2 -9999 -9999 673652.3 504349.8 341872.5 198427.4 257225.9 253146.3 179661.5 79889.3 58685.99 553760.4 57039.89 76339.18 179495.5 130774.2 124156.7 113662.1 251782.8 272848.5 73793.14 90067.55 34568.11 31461.08 47841.85 37713.27 19084.13 40301.3 78407.61 58723.95 31765.98
-9999 -9999 -9999 -9999 -9999 -9999 -9999 -9999 -9999 -9999 -9999 -9999 -9999 -9999 -9999 -9999 -9999 -9999 -9999 -9999 -9999 -9999 -9999 -9999 -9999 -9999 -9999 1426.209 11260.79 74530.74 2941.507 -9999 4626.119 67985.13 314914.7 386434.7 278506.6 1943732 896609.3 107148.4 57179.01 197074.2 802673.5 583811.5 755719.7 759142.8 241150 165362.7 108868 120068.2 174875 143537.4 95062.52 110475.5 171663.6 158514.7 110245.7 219113.5 104181.4 140403.8 154272.1 50412.25 53694.49 49652.79 52342.82 26571.1 22971.74 16972.22 17746.81 67227.01 22762.07
-9999 -9999 -9999 -9999 -9999 -9999 -9999 -9999 -9999 -9999 -9999 -9999 -9999 -9999 -9999 -9999 -9999 -9999 -9999 -9999 -9999 -9999 -9999 -9999 -9999 -9999 -9999 -9999 -9999 -9999 -9999 -9999 41849.45 94894.91 105309.6 64831.13 267126.8 141158.4 70994.07 101626.5 322949.7 637520.1 680342.4 343681.6 319586.8 380946.7 492288.8 137095.9 125858.6 128247.8 194181.6 141220.7 314831.5 160494.6 140474.9 110663.6 339169.3 342252.8 177524.9 165580.7 134119 84052.54 94370.25 118066.1 128751.5 56622.32 92788.47 47078.94 493685.3 46590.51 36504.43
-9999 -9999 -9999 -9999 -9999 -9999 -9999 -9999 -9999 -9999 -9999 -9999 -9999 -9999 -9999 -9999 -9999 -9999 -9999 -9999 -9999 -9999 -9999 -9999 -9999 -9999 -9999 -9999 -9999 -9999 -9999 323.257 211.9598 -9999 -9999 24380.34 59762.02 87706.68 165232.5 230205.8 344872.7 129016.9 105385.8 112235.5 309404.5 195053.6 527482.1 221992 172222.3 209762.9 100002.3 92946.74 110307 92322.29 166723.7 164888.1 304935.3 215742.4 223451.2 153511.2 88435.29 184437.8 171128.6 111723.8 78726.4 68279.59 129973.4 43658.21 80753.2 59220.93 66525.25
-9999 -9999 -9999 -9999 -9999 -9999 -9999 -9999 -9999 -9999 -9999 -9999 -9999 -9999 -9999 -9999 -9999 -9999 -9999 -9999 -9999 -9999 -9999 -9999 -9999 -9999 -9999 -9999 -9999 -9999 -9999 -9999 81.47739 98733.19 63044.31 87601.45 176833.1 88061.89 87545.77 207941.4 2017013 86883.23 75318.93 52299.97 147298.7 318563.2 305095.6 493671 234015.3 432819.3 156191.8 123005 160664.6 76426.43 366058.8 192996.8 121706.6 87888.18 135337.1 166441.5 159962.2 117961.7 141220.4 153421.1 115856.4 86060.09 70571.37 57801.52 59464.16 35563.79 64353.07
-9999 -9999 -9999 -9999 -9999 -9999 -9999 -9999 -9999 -9999 -9999 -9999 -9999 -9999 -9999 -9999 -9999 -9999 -9999 -9999 -9999 -9999 -9999 -9999 -9999 -9999 -9999 -9999 -9999 -9999 -9999 -9999 -9999 19192.79 67222.11 121950.4 244960.3 165097.5 150667.3 121489 80605.95 51090.09 37312.12 104544.8 153645 368874 467539.7 271325.4 101202.2 129765.6 104809.6 91103.02 38614.85 101769.8 118647.6 100852.7 202037.2 365608 89533.13 150412.5 110500.6 110257.7 78875.84 68476.2 177383.6 190030.4 217130.3 89889.42 29043.4 37508.85 30915.81
-9999 -9999 -9999 -9999 -9999 -9999 -9999 -9999 -9999 -9999 -9999 -9999 -9999 -9999 -9999 -9999 -9999 -9999 -9999 -9999 -9999 -9999 -9999 -9999 -9999 -9999 -9999 -9999 -9999 -9999 -9999 -9999 -9999 -9999 -9999 4720.445 117899.4 100662.7 77789.03 44310.19 39554.94 59087.72 130086.9 98981.98 325099.3 158149.9 60474.75 57214.57 29839.98 124911.8 46994.61 73615.5 147428 137999.6 111718.8 67581.31 101548.6 89431.13 92280.96 97481.09 37125.66 110971.1 119881.1 65526.75 142284.4 125422.7 164265 145988.9 228635.8 28260.27 143131.7
-9999 -9999 -9999 -9999 -9999 -9999 -9999 -9999 -9999 -9999 -9999 -9999 -9999 -9999 -9999 -9999 -9999 -9999 -9999 -9999 -9999 -9999 -9999 -9999 -9999 -9999 -9999 -9999 -9999 -9999 -9999 -9999 -9999 -9999 -9999 -9999 14580.41 95878.98 76136.54 84874.05 23363.76 113962.7 494755.4 304045.4 96598.91 262613 334802.1 903515.9 302369 368700.5 269148.1 100204.9 68006.54 149160.7 127406.8 66049.89 104739.6 133178.1 81114.86 98153.3 52256.32 77448.4 99012.24 148933.3 95104.46 137217.4 120738.6 30655.75 2050.663 -9999 2860.899
-9999 -9999 -9999 -9999 -9999 -9999 -9999 -9999 -9999 -9999 -9999 -9999 -9999 -9999 -9999 -9999 -9999 -9999 -9999 -9999 -9999 -9999 -9999 -9999 -9999 -9999 -9999 -9999 -9999 -9999 -9999 -9999 -9999 -9999 -9999 -9999 20742.1 201963.9 81553.7 57982.64 52865.39 26124.29 155647.5 44929.79 29270.3 122962.9 175865.8 79763.52 239766.2 219558.3 107305.9 10826.74 4514.438 37925.97 46612.21 116187.5 141368.1 107226 325015.6 57200.49 58418.84 112643.1 125056.8 175386.3 358670.2 68512.58 98109.52 443.9624 -9999 -9999 -9999
-9999 -9999 -9999 -9999 -9999 -9999 -9999 -9999 -9999 -9999 -9999 -9999 -9999 -9999 -9999 -9999 -9999 -9999 -9999 -9999 -9999 -9999 -9999 -9999 -9999 -9999 -9999 -9999 2025.733 86326.66 22477.4 11847.94 101407.8 21768.02 99831.28 174338.4 114368.6 99850.09 60410.3 260165.8 89771.04 173178 173207 418497.5 130395.7 161652.3 7186.519 40.69703 178738.3 218349.1 134356.9 130313 -9999 11598.15 72287.62 79270.93 91205.93 47986.96 106162.7 133711.1 38130.82 58205.46 70204.45 68022.13 70380.18 101023.4 24798.87 -9999 -9999 -9999 -9999
-9999 -9999 -9999 -9999 -9999 -9999 -9999 -9999 -9999 -9999 -9999 -9999 -9999 -9999 -9999 -9999 -9999 -9999 -9999 -9999 -9999 -9999 -9999 -9999 -9999 -9999 -9999 -9999 6067.957 168916.3 37470.16 20209.63 38164.31 11407.62 35633.45 95214.84 92483.46 16470.54 12597.86 36393.39 113787.3 22530.86 -9999 -9999 514.7775 -9999 5016.503 21324.26 12620.19 41185.55 151148 99223.31 91253.87 75.47923 1658.844 5737.996 40802.66 105665.7 307887.3 300206.5 40366.15 209585 114156.6 75965.16 58091.7 60706.13 0.5203542 -9999 -9999 -9999 -9999
-9999 -9999 -9999 -9999 -9999 -9999 -9999 -9999 -9999 -9999 -9999 -9999 -9999 -9999 -9999 -9999 -9999 -9999 -9999 -9999 -9999 -9999 -9999 -9999 -9999 -9999 -9999 -9999 -9999 459913.2 49302.97 11449.52 21267.24 82652.39 11651.08 9917.654 52601.86 90150.02 64495.96 279260.4 719524.8 15476.19 -9999 -9999 -9999 -9999 15042.78 10491.22 -9999 0.5035757 522760.9 129394.8 175703.9 111224.4 176507 6391.734 -9999 260321.2 146869.6 141707.6 70845.55 56336.39 54592.28 64242.36 66798.56 153200.8 1947033 653498.5 22336.77 109538.3 109280.6
-9999 -9999 -9999 -9999 -9999 -9999 -9999 -9999 -9999 -9999 -9999 -9999 -9999 -9999 -9999 -9999 -9999 -9999 -9999 -9999 -9999 -9999 -9999 -9999 -9999 -9999 -9999 -9999 -9999 159665.2 59627.32 14883.51 43720.99 84861.79 1001330 8266.389 14186.45 22157.64 45245.14 -9999 -9999 2395.443 676.4219 -9999 -9999 -9999 46473.36 35274.99 -9999 -9999 399.1768 11057.29 704452.4 90545.6 86297.03 162722.1 80284.95 113901.2 65697.33 49600.31 210578.8 45093.24 19598.56 12846.2 56839.79 74223.2 295874.9 1241053 288167.8 117328.5 311955.6
-9999 -9999 -9999 -9999 -9999 -9999 591.8391 -9999 -9999 420.3054 233.6736 -9999 -9999 -9999 -9999 -9999 -9999 -9999 -9999 -9999 -9999 -9999 -9999 -9999 -9999 -9999 -9999 -9999 43331.09 115168.9 20438.32 40984.95 19303.15 45287.68 64251.09 29866.17 26690.23 388454.8 2301.783 4302.199 100430.8 33532.75 8863.91 -9999 -9999 -9999 46400.81 66331.91 -9999 -9999 -9999 -9999 -9999 10997.54 99301.12 15784.14 22293.57 15169.62 44289.74 35934.14 74784.52 7009.679 141.6286 3005.716 71841.13 162228.4 75208.68 99315.45 169497 26200.5 592520.8
-9999 -9999 -9999 -9999 -9999 -9999 -9999 -9999 -9999 5337.741 9586.409 -9999 -9999 -9999 -9999 -9999 -9999 -9999 -9999 -9999 -9999 -9999 -9999 -9999 -9999 -9999 -9999 -9999 392639.5 64241.77 36649.57 62571.96 19908.94 25928.05 58075.4 14480.52 100740.9 283124.4 18412.29 15678.07 -9999 -9999 -9999 -9999 -9999 -9999 757.3385 14.46086 -9999 -9999 17979.3 157560.3 19403.43 108987.7 93312.27 2913.944 -9999 -9999 14236.78 71544 39897.55 280201.9 6406.824 458.6312 74545.29 805206.4 144306.7 108372.3 137530.3 75088.45 121141.2
-9999 -9999 -9999 -9999 -9999 -9999 -9999 -9999 -9999 -9999 -9999 -9999 26977.24 -9999 -9999 -9999 -9999 -9999 -9999 -9999 -9999 -9999 -9999 -9999 -9999 -9999 -9999 -9999 -9999 49005.29 54229.72 158238.9 216847 141352.6 157387.2 23603.58 136393.2 67313.73 -9999 -9999 -9999 -9999 -9999 -9999 13432.57 2644.684 1345.792 93006.16 25785.11 1304.37 44732.34 101146.4 131563.2 159836.4 473.2211 -9999 -9999 -9999 6080.902 30503.38 52990.04 287284.7 11009.7 7976.235 7932.468 180710.5 124912.7 172923.9 194439.9 74191.09 220496.5
-9999 -9999 -9999 -9999 -9999 -9999 -9999 -9999 -9999 -9999 -9999 -9999 924.9057 -9999 -9999 -9999 -9999 -9999 -9999 -9999 -9999 -9999 -9999 -9999 -9999 -9999 -9999 -9999 -9999 -9999 150.8849 120238.4 130725.7 212406.3 34774.66 85987.39 880.9146 -9999 148561 373433.2 743101.4 1180804 485127.6 564861.2 691620.3 470070.4 198418.3 176830.8 703030.9 15705.08 159.045 -9999 51077.26 13059.83 -9999 -9999 -9999 -9999 -9999 2290.163 7451.277 1385.911 1161.09 3849.79 1775.091 13962.2 52106.57 73483.35 197594.8 41889.79 101007.4
-9999 -9999 -9999 -9999 -9999 -9999 -9999 -9999 -9999 -9999 -9999 -9999 -9999 -9999 -9999 -9999 -9999 -9999 -9999 -9999 -9999 -9999 -9999 -9999 -9999 -9999 -9999 -9999 -9999 -9999 -9999 61832.82 573183.8 62066.77 89594.48 120314.6 141413.4 606586.5 488578.6 276925.8 154152.2 140081.7 230754.3 320438.8 276708 216956.8 187832.6 168634 440020.1 23407.49 987.6325 -9999 56790.43 -9999 -9999 -9999 -9999 -9999 -9999 -9999 -9999 8030.864 38486.76 53364.62 2433.928 984.9318 -9999 -9999 -9999 -9999 7798.106
-9999 -9999 -9999 -9999 -9999 -9999 -9999 -9999 -9999 -9999 -9999 -9999 -9999 -9999 -9999 -9999 -9999 -9999 -9999 -9999 -9999 -9999 -9999 -9999 -9999 -9999 -9999 -9999 -9999 -9999 -9999 546332.9 554802.6 469159.7 118809.9 162214.1 302861 63813.57 82077.59 39599.86 111489.2 245129.1 67054.17 188434.9 42991.45 38638.76 101179.4 96097.08 179306.4 3390.183 -9999 -9999 -9999 -9999 -9999 -9999 -9999 -9999 -9999 -9999 -9999 0.4734656 450.3527 673.4859 5.837161 -9999 -9999 -9999 -9999 -9999 26092.02
-9999 -9999 -9999 -9999 -9999 -9999 -9999 -9999 -9999 -9999 -9999 -9999 -9999 -9999 -9999 -9999 -9999 -9999 -9999 -9999 -9999 826.0746 -9999 -9999 -9999 -9999 -9999 -9999 -9999 155203.4 1231979 410762.6 402387.4 136094.1 45574.43 11268.16 8831.889 28973.97 20154.05 23651.52 63480.25 39671.52 21184.9 76908.7 178113.3 38261.07 24058.99 43330.62 143417.4 20193.5 -9999 -9999 -9999 -9999 -9999 -9999 -9999 -9999 -9999 -9999 -9999 -9999 -9999 -9999 -9999 -9999 -9999 -9999 -9999 -9999 -9999
-9999 -9999 -9999 -9999 -9999 -9999 -9999 -9999 -9999 -9999 -9999 -9999 -9999 -9999 -9999 -9999 -9999 -9999 -9999 -9999 7067.72 36127.44 -9999 -9999 -9999 -9999 -9999 -9999 138988.6 321448.1 280433.5 445791 112158.3 60175.13 18214.26 6899.629 15218.64 23506.46 14400.01 8232.77 8738.513 66950.23 64936.46 29503.86 30235.12 3276.394 2562.555 5876.36 22700.32 72621.88 182170.3 551011.4 65614.53 8038.686 -9999 -9999 -9999 74.21824 56631.81 61900.79 21639.37 3636.537 47.9502 -9999 -9999 -9999 -9999 -9999 -9999 -9999 -9999
-9999 -9999 -9999 -9999 -9999 -9999 -9999 -9999 -9999 -9999 -9999 -9999 -9999 -9999 -9999 -9999 -9999 -9999 -9999 -9999 -9999 -9999 -9999 -9999 -9999 -9999 -9999 -9999 166873.7 270235.5 492388.3 137858.2 82729.69 95696.43 10925.55 28638.11 30636.15 1631.085 1334.432 12464 5663.812 4195.738 18458.21 20898.88 1525.052 347.1153 347.1153 917.2922 4036.635 7104.966 13693.12 40246.25 64161.6 23773.13 1423.623 318.9266 -9999 4399.835 147968.3 80484.27 25683.74 8027.139 7245.776 9321.419 33939.88 48322.64 2854.886 661838.9 1775578 1830255 244251.3
-9999 -9999 -9999 -9999 -9999 -9999 -9999 -9999 -9999 -9999 -9999 -9999 -9999 -9999 -9999 -9999 -9999 -9999 -9999 -9999 -9999 -9999 -9999 -9999 -9999 -9999 -9999 -9999 456777.2 147671.2 47058.29 73121.59 64441.68 2349.271 2209.956 4419.892 2369.39 2231.104 2427.991 4219.851 4066.469 3986.398 2415.796 2251.291 1951.521 402.6822 438.0333 1468.057 4640.28 5582.296 13837.48 18047.48 27859.59 6583.331 6583.331 6347.882 3378.183 1327.799 3128.926 3180.782 5268.33 6764.615 6111.697 6.942477 -9999 1416.639 7940.154 222711.6 1768343 7696431 470654
-9999 -9999 -9999 -9999 -9999 -9999 -9999 -9999 -9999 -9999 -9999 -9999 -9999 -9999 -9999 -9999 -9999 -9999 -9999 -9999 -9999 -9999 -9999 -9999 6959.679 -9999 -9999 31878.58 96948.87 16503.97 12247.36 3311.875 2422.562 259.9006 289.0836 2250.26 2713.323 11239.37 7588.316 7600.812 2480.041 2362.25 2140.779 1119.481 360.4557 366.7134 536.2032 1863.63 5108.139 5600.935 13977.63 13977.63 9047.41 3829.251 4441.763 5336.746 5405.162 3212.948 3212.997 3212.997 3212.997 6778.663 6339.983 5214.259 4537.072 -9999 -9999 -9999 1130118 2045593 91198.98
-9999 -9999 -9999 -9999 -9999 -9999 -9999 -9999 -9999 -9999 -9999 -9999 -9999 -9999 -9999 -9999 -9999 -9999 -9999 28.2626 13456.97 124143 79066.63 7582.41 25750.73 49.01152 22496.35 16296.68 10133.66 2780.542 400.6532 155.716 155.716 191.9193 282.819 1204.305 4097.331 17659.92 6858.687 3217.392 2499.381 1846.054 583.6324 392.5561 334.0581 334.0581 616.0557 1679.554 3068.837 2935.699 3137.837 3113.855 2596.225 1780.515 1605.975 1688.525 3168.108 3141.981 3244.233 3242.958 3244.233 6369.527 6650.228 -9999 71.07601 -9999 9330.802 1822.657 1383851 23554.92 6170.448
-9999 -9999 -9999 -9999 -9999 -9999 -9999 -9999 -9999 -9999 -9999 -9999 -9999 -9999 -9999 -9999 -9999 -9999 -9999 584.8406 748.4329 37.62629 46860.87 -9999 57096.05 2789.768 374.4576 236.0262 247.8036 1649.015 2406.994 2228.174 740.9044 157.1678 294.5378 6416.854 6967.826 21152.28 4797.461 3641.094 2208.677 486.4329 420.939 394.968 395.4259 716.2735 1108.643 1768.522 2089.068 2697.988 3070.382 4038.536 10037.67 19209.42 2975.946 1620.948 1620.948 2957.578 3218.511 3237.914 3242.44 3213.634 3163.287 -9999 -9999 3436.518 1316.28 -9999 1090952 701089.5 1099.327
-9999 -9999 -9999 -9999 -9999 -9999 -9999 -9999 -9999 -9999 -9999 -9999 -9999 -9999 -9999 -9999 -9999 -9999 -9999 -9999 -9999 -9999 -9999 13722.4 4780.079 172.0563 17129.8 30.49606 27.51209 167.6499 1078.442 2340.758 2567.804 2036.873 1260.104 2616.849 2449.064 1554.207 5740.554 7615.842 2213.035 1918.719 331.672 398.7704 631.2545 1099.481 1099.481 1271.191 1677.106 3969.441 7839.107 8016.481 13958.39 3525.791 1251.259 1549.46 1505.132 619.8033 417.6269 417.6269 417.6269 417.6269 417.6261 -9999 -9999 5450.822 -9999 -9999 -9999 1557929 761130.4
-9999 -9999 -9999 -9999 -9999 -9999 -9999 -9999 -9999 -9999 -9999 -9999 -9999 -9999 -9999 -9999 -9999 -9999 -9999 -9999 -9999 -9999 -9999 5.303378 34.63256 47.8007 203.557 203.6481 203.5128 203.6396 203.8078 344.8221 1175.424 723.0206 697.4955 678.9253 678.554 678.554 678.554 1213.4 966.8472 1351.627 196.9401 368.7 588.3849 942.3438 790.3745 1165.471 1682.965 3378.867 3191.103 1310.997 1029.398 1029.398 1029.398 1029.398 1029.398 524.7886 421.1972 421.1972 421.1972 421.1972 421.1964 -9999 -9999 -9999 21611.87 4921.291 24568.06 -9999 632402.8
-9999 -9999 -9999 -9999 -9999 -9999 -9999 -9999 -9999 -9999 -9999 -9999 -9999 -9999 -9999 -9999 -9999 -9999 -9999 -9999 -9999 -9999 29.23878 3.506117 23.17832 27.9965 134.7951 134.7949 134.7947 134.7945 134.7943 283.0002 420.7362 509.9676 752.4265 813.8383 783.324 750.8112 715.5989 527.607 198.5381 198.5381 198.5381 321.8058 404.8109 426.6077 586.3494 984.22 1258.625 1209.043 1037.81 1037.81 1037.81 1037.81 1037.81 1037.81 1037.81 531.785 424.6393 424.6393 424.6393 424.6393 424.6385 -9999 -9999 -9999 -9999 -9999 4172.445 -9999 210798.6
-9999 -9999 -9999 -9999 -9999 -9999 -9999 -9999 -9999 -9999 -9999 -9999 -9999 -9999 -9999 -9999 -9999 -9999 -9999 -9999 -9999 483.683 27552.84 27.42914 2.451001 53.06789 135.8371 135.8371 135.8371 138.9063 157.8043 279.7816 424.0185 424.0185 431.7383 615.7917 817.0765 830.9213 830.9213 533.2318 331.5411 303.013 329.33 4453.974 478.9935 333.8265 703.8454 582.0589 909.9512 827.4569 752.5226 938.5475 1045.899 989.3434 932.2698 1045.906 1045.906 538.6624 427.952 427.952 427.952 427.952 427.9512 -9999 -9999 -9999 -9999 -9999 1658.583 -9999 37105.63
-9999 -9999 -9999 -9999 -9999 -9999 -9999 -9999 -9999 -9999 -9999 -9999 -9999 -9999 -9999 -9999 -9999 -9999 -9999 -9999 -9999 85.5424 19.04959 44.26714 15.35276 18727.34 136.8473 136.909 149.1383 167.3349 169.6004 384.0271 442.8307 427.1716 427.1716 427.1716 488.4809 739.9673 837.1002 646.5579 508.1197 508.1197 703.6408 10151.14 4635.051 227.0269 227.0269 336.1439 963.6565 332.8816 332.1667 348.6877 472.1364 802.9087 546.3478 664.0512 911.053 544.8229 431.1343 431.1343 431.1343 431.1343 431.1335 6.631622 8.175281 9.310855 9.572239 6.6781 8.969686 1787.619 39.8781
-9999 -9999 -9999 -9999 -9999 -9999 -9999 -9999 -9999 -9999 -9999 -9999 -9999 -9999 -9999 -9999 -9999 -9999 -9999 -9999 2344.05 656.1027 565.7849 829.7267 984.5809 835.0419 152.9056 162.0889 170.8006 170.8006 205.6 466.7039 528.6144 430.1945 430.1945 430.1945 430.1945 498.1753 822.9261 1205.246 617.3848 531.7927 2368.867 10581 5754.555 475.9269 663.9576 1094.928 1118.926 334.5174 334.5174 334.5174 334.5174 716.4864 722.3791 538.3516 538.3516 518.4301 465.231 437.2799 434.1853 434.1853 434.1871 1349.246 1349.257 1349.257 1349.257 1349.248 1340.549 1297.726 8285.182
