manual/examples/resources/data/gpw/gpw_v4_basic_demographic_characteristics_rev10_a000_014mt_2010_dens_1_deg.asc
ncols         360
nrows         145
xllcorner     -180
yllcorner     -60
cellsize      0.99999999999994
NODATA_value  -9999
[rows 32 to 63 of 145, columns 213 to 283 of 360]
1.446825 1.113468 2.070654 3.675693 1.492016 2.460489 7.039141 2.212711 4.574416 1.071605 1.247134 1.190032 0.9644708 0.9841571 1.49122 1.262742 1.421794 0.914231 0.6472355 1.640982 0.9004074 0.6249642 1.686922 0.9178336 0.40797 1.537261 0.4067148 0.5466657 0.401491 0.6840351 1.520641 0.4757576 0.218469 0.3454994 0.341186 0.4959312 1.291386 0.7638407 0.2505922 0.2262461 0.1872825 0.4460416 0.4385469 1.829933 3.288103 0.8644209 0.6280066 0.582682 0.6488822 0.8658649 0.5254633 1.434144 2.461811 0.3418698 0.2565552 0.2868091 0.1328531 0.4860742 0.5093814 0.1298353 0.1203371 0.2277384 0.1241823 0.02053757 0.02053757 0.0293204 0.02125115 0.03888007 0.1433574 0.3362811 4.723075
3.231671 1.631035 2.090151 5.415941 3.014867 2.620703 10.83714 1.363051 1.186117 1.829817 1.33721 0.7769155 7.416338 5.464231 1.941331 0.9714085 0.5457374 1.682967 1.949397 1.099633 0.6834029 0.8958741 6.964438 0.635361 0.9411137 4.558408 0.7048961 0.4305839 0.3019973 0.1259726 0.1717269 0.1101211 0.2033375 0.2396208 0.2245705 0.4553342 0.4121447 2.258838 4.479109 0.7530864 0.266811 0.6825162 0.5287993 0.4243431 0.493755 0.2020219 0.326079 0.411905 2.241369 0.5050102 0.2787394 0.4003936 1.344005 0.638438 0.1230824 0.08165581 0.1649827 0.5015059 0.3129677 0.3725809 0.3744947 2.494802 0.1200989 0.0586396 0.05504464 0.05623978 0.06485844 0.08368614 0.09606147 0.1920625 0.7202947
2.170458 4.572918 2.249903 12.86083 2.20725 1.939762 1.988368 1.560119 0.9882711 1.005174 1.262068 0.7634726 2.240199 0.6315255 0.4664623 0.443168 0.3834375 0.6801487 0.5096035 0.2677972 0.3175521 0.3136439 0.2700263 1.130548 5.968818 0.3866006 0.3366049 0.1409788 0.1003665 0.07164726 0.04585773 0.05687372 0.07393315 0.1977727 0.2196022 0.2312765 0.1237213 0.9950767 3.270301 0.9806249 1.826784 2.916908 0.2357849 0.1196438 0.158706 0.2698708 0.7357705 0.8821589 1.221496 1.127265 1.093104 0.4325488 0.1725128 0.1554084 0.1090656 0.08284017 0.1374837 0.2010665 0.3108296 0.5884976 0.221875 0.1944587 0.1398448 0.08262919 0.02925534 0.0826438 0.1022695 0.1310784 0.06028281 0.1201117 0.1715146
5.125916 4.646757 2.221618 9.700092 2.258906 1.783589 1.303991 1.116984 0.6409931 0.4770513 0.8501699 0.6632685 0.7061592 0.3005954 0.2110809 0.197085 0.1774427 0.1421472 0.173609 0.1818714 0.1884095 0.1987696 0.2435558 0.3790703 0.3610218 0.2957208 0.1872096 0.07158982 0.06390231 0.05450232 0.03926165 0.04200975 0.06983378 0.1553678 0.1677722 0.06303082 0.05816301 0.06031536 0.2637872 1.985925 2.99606 1.33214 0.1571079 0.2295914 0.9819556 0.7749781 0.2677128 0.2443572 0.6632084 2.431806 1.154966 0.4887969 0.2332856 0.1840166 0.1094654 0.1694803 0.362285 0.1956421 0.4029121 0.1501593 0.1127147 0.1163059 0.1622225 0.1035397 0.09025139 0.119483 0.1630803 0.8746318 0.2290103 0.1401998 0.08856008
4.539748 9.000579 9.448204 2.512821 12.85645 15.22799 8.854914 2.958235 1.043655 0.6403429 0.936556 14.29686 0.724593 0.7149507 0.1850899 0.1319431 0.1254286 0.2065808 0.3040552 0.2488634 0.1817694 0.1710312 0.085442 0.1292934 0.2558546 0.1877736 0.1173379 0.06405749 0.04992869 0.04309603 0.04131591 0.1012545 0.1332126 0.1431065 0.1432839 0.1391148 0.1037021 0.08025172 0.0839426 0.07378721 0.07210478 0.1509836 0.1992334 0.1997482 0.3555678 0.2543726 0.1059417 0.1562177 0.1936363 0.230936 0.193341 0.1483463 0.2389875 0.7988417 0.2040523 0.413192 0.735992 0.2364996 0.3499531 0.1091689 0.0601862 0.06748052 0.08732166 0.07712138 0.1158034 0.2131191 0.2100456 0.2057544 0.2221526 0.1805092 0.3216794
6.996583 4.910957 9.215985 1.682156 11.88864 6.96003 15.38129 6.092258 1.435968 2.510208 0.5590944 0.2777843 0.2319534 0.4204754 0.4484411 0.4303656 0.3396163 0.2770038 0.9278659 2.206938 0.4946713 0.3211728 0.05474763 0.04320925 0.0627972 0.09504503 0.08787989 0.1001656 0.20477 0.1126567 0.09420942 0.1396487 0.1432839 0.1432839 0.1432839 0.142918 0.09793632 0.08395172 0.07971224 0.07242841 0.09174044 0.1595357 0.2243349 0.223661 0.1788198 0.1817673 0.1604044 0.2566841 0.2505122 0.234933 0.2478681 0.2969401 0.5447369 0.933099 1.907576 0.9094994 0.3423416 0.2289591 0.5736433 0.1351099 0.07768241 0.05403565 0.06214108 0.3905346 0.07127825 0.08452959 0.1141768 0.1544328 0.5360015 0.3272678 0.254338
3.475328 1.855802 4.326646 4.971157 4.11162 3.756768 2.750705 1.758845 1.619403 0.8883227 0.3958444 1.476474 0.1341903 0.2547761 2.56094 4.895899 0.4382432 0.263962 11.0392 10.1298 0.3653243 0.3283742 0.2211505 0.09463345 0.04977265 0.08707716 0.1507365 0.242814 0.2548889 0.2838492 0.3831401 0.2164515 0.1587406 0.1484178 0.1440264 0.1328662 0.08428952 0.08395172 0.07602552 0.07210479 0.1189209 0.2012773 0.1481591 0.2275911 0.2698501 0.3698766 0.3440908 0.3028999 0.3301364 1.270405 2.772173 0.52295 0.3207429 0.1993273 0.3647713 0.2799759 0.4799902 0.7286042 0.1611155 0.1003717 0.09379932 0.06635325 0.1333034 0.2733377 0.07366293 0.07431806 0.1176459 0.659818 0.2777482 0.7933213 0.2191377
5.069825 4.042542 5.507975 8.258922 6.304598 7.590717 8.501104 4.878611 5.507811 2.966565 1.219435 0.5536823 0.2258637 0.2664739 0.888256 1.487557 1.431772 0.3602729 0.350763 0.1108369 0.2073491 0.2153078 0.2156285 0.3449033 0.6700608 0.822533 0.6246986 0.254692 0.2741893 0.3012315 0.4468014 0.305631 1.513873 0.2341352 0.2471374 0.2132869 0.1961382 0.1844218 0.1446682 0.0957973 0.09652256 0.112611 0.1126734 0.210507 0.3089631 1.1989 0.4352576 0.3699166 0.7246118 0.5426639 0.6352447 2.59242 0.8069736 0.08873009 0.0033662 0.01751059 0.03432452 0.1135243 0.1244849 0.04031924 0.04112134 0.04014464 0.06557278 0.05959171 0.06147162 0.07573573 0.06779617 0.07937249 0.127658 0.08917964 0.106637
15.8497 16.12251 5.237357 -9999 17.44822 5.064009 4.763833 3.706206 5.915269 6.01348 5.970105 1.951977 0.9375814 0.912254 1.974696 -9999 0.3602728 0.3602668 0.190124 0.1037562 0.1032461 0.1820422 0.1549248 1.703205 1.703205 1.703205 1.703205 0.9290932 0.3561279 0.3452582 0.3516266 0.2235928 2.940653 0.3755027 0.3989725 0.21999 0.2129301 0.2689753 0.1969279 0.09666318 0.1186994 0.6359158 0.7195752 2.018244 1.258326 1.674067 1.843047 3.630202 2.835462 2.917082 0.484754 3.971987 4.023909 5.944799 5.45556 0.845126 1.112623 0.1613012 0.0580145 0.02091747 0.03507377 0.01540223 0.01550744 0.02786264 0.01372029 0.02395933 0.03703073 0.0608766 0.06134754 0.07265735 0.03675993
-9999 -9999 -9999 -9999 -9999 -9999 8.784505 3.157761 1.945416 3.306151 7.658801 10.15327 16.22102 13.18897 15.43932 -9999 -9999 0.3602729 6.565856 0.2368449 0.2849171 0.3382192 0.2877369 1.703205 1.703205 1.703205 1.703205 1.703205 1.500647 0.9134148 0.8850477 0.849313 0.6759765 0.4610307 1.135789 5.288756 0.7096788 1.497208 4.452015 1.294536 1.293806 2.65707 1.221734 17.83673 6.025685 2.653578 1.052606 1.780747 13.27025 4.847065 2.776669 0.2973698 0.1600264 0.5588161 24.48329 0.66045 2.104184 0.9955674 0.2480474 0.8074004 0.7952111 0.2262746 0.04751306 0.02280542 0.01475565 0.02154447 0.01899876 0.02254502 0.02162741 0.02230488 0.02219589
3.590072 10.85549 11.20915 -9999 -9999 -9999 -9999 12.91121 6.139539 6.306286 2.840899 4.464477 3.282667 4.948524 14.42489 44.15598 -9999 -9999 0.3513013 0.363223 0.4290051 0.4404536 0.3516635 1.703196 1.869638 2.651196 2.253225 1.708718 1.674598 1.224215 1.19295 1.19295 1.175565 0.5873083 0.7599421 1.303708 19.93953 6.914874 5.263955 2.716775 1.95602 17.10597 3.710747 3.016028 2.166575 2.738094 1.249217 1.051252 0.8109304 0.3005889 0.1624453 0.2198634 0.3783401 2.978029 0.3867345 1.013041 3.520017 0.9365711 -9999 0.1268807 2.598946 0.1526996 0.03840642 0.007121962 0.01837459 0.0330504 0.009864179 0.03084837 0.04614777 0.03905968 0.01702797
2.594358 2.934509 7.215284 28.77391 21.98629 15.71865 28.5849 18.97473 8.866138 3.126069 2.830178 16.48794 7.57542 5.254633 4.48279 10.36108 6.619181 -9999 -9999 0.7288039 0.8229958 0.8146037 0.5343889 1.819171 3.228191 3.278486 3.275316 16.65306 6.904026 2.907387 1.216873 1.19295 1.19295 1.641236 2.630199 6.003943 52.84738 20.65336 14.66198 9.730341 5.946013 1.048444 1.485063 1.053648 0.9069485 0.8576048 3.288396 7.140522 1.82975 8.798872 2.362997 1.042583 0.817293 5.770201 0.1929751 0.02509309 0.1782933 -9999 -9999 -9999 0.003369827 0.1061202 0.08295815 0.01829932 0.004783451 0.0002798883 0.01190806 0.0337744 0.03311776 0.05977378 0.006064096
3.982964 5.073345 5.94414 8.016349 8.138532 5.369148 8.552807 4.972552 3.796993 3.533359 6.70842 21.00032 7.775205 13.49828 11.82242 7.135584 44.03643 56.92183 -9999 0.8229958 0.8229958 0.8229958 0.8229958 1.091154 3.093153 3.028975 3.264473 2.589119 2.363973 9.544675 5.833941 5.07896 2.755241 15.57127 9.156736 21.04543 28.94559 34.48164 51.287 48.87828 10.76314 1.735221 0.3465167 0.5117418 0.1782932 0.6643186 1.508285 4.929278 1.299984 0.2989228 0.05229529 0.009519793 0.005810219 0.05045309 0.06992687 0.02525122 0.02806037 -9999 -9999 -9999 0.01646163 1.15352 0.8459268 0.8551469 0.5988513 0.7435778 0.3557035 0.01628905 0.0007913946 0.00477781 0.009324782
10.96168 3.808697 4.8513 4.766325 2.665782 0.5684544 2.723622 2.839395 7.30615 8.016858 12.41168 8.143949 5.930659 6.347459 8.385043 12.72649 8.56071 -9999 -9999 0.8229958 0.8229958 0.8229958 0.8229958 0.914394 1.614323 1.614412 1.652407 2.279955 2.472372 2.752011 4.901234 6.666195 18.43704 23.72081 16.10976 7.044297 6.414389 3.853175 2.740479 2.33211 1.294171 0.7787636 11.19609 16.49952 4.625599 2.839611 0.9395036 -9999 -9999 -9999 -9999 -9999 -9999 0.0007694672 0.02796698 0.07393229 0.02152376 0.01069683 1.260846e-005 0.01632931 0.05575763 0.4783629 0.06318892 0.07576913 0.6266932 5.947951 1.748293 1.971542 0.06179701 0.0809498 0.298543
5.729905 9.149903 16.21292 2.990326 3.952941 11.07578 10.51706 12.28675 10.95452 9.254857 15.5549 8.438999 8.790768 15.56611 5.203122 18.40293 15.73126 -9999 -9999 -9999 0.8229958 0.8229958 1.003284 1.87786 2.024573 1.614412 1.614411 2.175989 2.879717 2.570477 2.349711 4.073189 9.863681 13.50184 15.90376 38.81059 14.79503 5.102753 1.345929 0.3721769 0.06264582 0.1534534 0.8692334 4.068427 15.82589 0.01370203 -9999 0.40008 0.1931877 0.005626931 0.004498855 4.517843e-005 0.4648224 0.05290122 0.04676416 0.1127702 0.0130063 0.009977204 0.03296958 0.01070464 0.001633422 0.01144124 0.01540542 0.0004299902 0.01446969 0.0421337 0.3055725 7.263134 2.958629 6.079432 1.658751
5.202129 8.712774 10.99223 17.26516 26.55584 19.4334 19.80216 18.01719 22.24933 21.13627 10.30942 15.8309 15.02148 15.0984 3.935582 6.031797 36.13926 30.0172 -9999 -9999 1.02158 4.180608 6.655136 1.922496 4.927352 19.26892 1.772082 1.727234 2.81379 2.890095 2.582652 2.793744 3.395523 8.868034 13.81635 28.57009 26.23026 11.30948 2.253904 0.7729494 0.1652968 0.2074552 0.4087132 1.075776 5.438602 2.885831 13.372 3.786821 0.5437317 0.2163889 0.06225408 0.06366725 0.03300239 0.02119814 0.0008479966 8.978973e-005 0.0006470059 0.007018399 0.03071566 0.01973717 0.006523473 0.003048785 0.02669017 0.06244079 0.6282994 0.2494667 0.332855 0.596591 3.373565 9.393209 4.04508
4.064676 34.55484 59.27321 34.49241 79.94542 19.08029 10.0464 11.49819 11.26156 34.41208 25.37992 28.3467 9.651822 6.990437 3.117551 5.818799 8.631801 12.72153 16.69954 25.09314 12.61247 9.488244 1.806489 1.259036 3.147115 5.361822 22.34351 7.832862 2.431209 2.890095 2.848036 5.996703 10.69526 18.95586 17.94485 22.18356 20.34389 8.281267 3.710196 3.466854 2.305035 2.635096 1.329752 0.07630678 0.04382175 0.148664 1.25061 1.04723 2.912982 0.3088531 0.03317624 0.01187151 0.0003848686 -9999 -9999 -9999 -9999 -9999 0.01034424 0.01824317 0.0151191 1.845849 0.2357275 0.0523864 0.4584485 0.3234567 0.3335833 1.604141 22.49038 11.62574 20.46078
13.06151 9.237401 118.0493 50.98524 7.8407 6.049528 8.025753 6.869136 2.918813 7.229545 21.18495 26.72749 27.32039 9.157476 5.002079 5.228075 4.83688 26.91525 139.4362 3.790287 1.435948 0.7271152 0.5533543 0.7739301 1.937455 5.296548 8.361296 8.19101 3.179479 4.478987 5.114363 10.79772 6.528366 7.00843 4.797544 9.284832 19.1232 3.339223 13.25173 40.49302 9.943422 4.480626 2.867015 2.303372 0.3300247 0.01654497 0.02435366 0.01080666 0.05291031 0.01365684 -9999 -9999 -9999 -9999 -9999 -9999 -9999 -9999 -9999 0.001688751 0.02535688 0.09533983 0.01542921 0.09321478 0.09513295 0.1158783 0.5973616 2.183868 1.866495 8.321671 24.36331
13.64276 12.9204 76.5553 44.52607 2.735384 0.6388304 1.40814 8.069921 3.334748 3.761141 10.89635 10.89367 8.225945 9.250513 10.5151 14.24582 8.447181 9.212772 8.516333 1.121735 0.8753948 0.5950485 0.4552994 0.3356799 0.5873387 1.472016 1.603833 2.675403 4.677919 22.97925 6.356427 2.777226 4.154342 6.352674 7.226698 17.37966 102.9227 41.27824 117.3939 111.8192 60.72773 59.61171 13.73839 2.089159 0.2419369 0.1638783 0.0141367 0.01704439 0.0004306464 -9999 -9999 -9999 -9999 -9999 -9999 -9999 -9999 -9999 -9999 0.02068483 0.02575804 0.08262041 0.3547958 0.1216078 0.06322802 0.05564173 0.253594 0.831341 0.7729617 1.511232 5.13464
-9999 -9999 82.57954 81.31728 0.7981938 0.1609032 0.2374096 0.442878 0.8376648 5.363943 21.96267 159.6124 4.164229 4.823372 6.009643 10.54481 6.443264 5.650985 5.358712 0.5983244 0.2393847 0.2202456 0.2068627 0.1523516 0.4120651 0.7913597 1.220832 1.248828 2.568775 3.786203 2.991395 4.324792 5.352083 6.40078 10.32754 23.14673 24.72336 32.49509 74.67158 85.64333 99.37757 60.51685 42.19544 2.595526 0.3421325 0.310757 0.08447066 0.02770731 0.01085165 0.001239232 0.02107015 0.03608307 0.02159771 0.02449121 0.01092347 0.0058398 0.0009805233 0.005758164 0.01136132 0.006834993 0.03063161 0.08109832 0.6055428 0.9919706 0.8702697 0.310299 0.4786492 0.579572 0.6316053 0.9403211 0.8080928
-9999 257.6166 93.58707 39.68487 0.6769645 0.1294016 0.1099087 0.06637314 0.06577639 0.6153759 15.7444 55.86746 19.28826 9.466217 5.988308 7.659873 4.219194 6.821654 17.42563 13.95086 1.344113 2.942836 0.3943658 0.1991931 0.1634905 1.236146 0.9133641 0.8113436 2.26984 4.995446 1.511042 4.577953 7.165825 4.817871 6.824967 3.931061 12.03717 40.96867 42.90668 61.06567 101.8036 182.3779 62.28008 16.73788 2.412539 0.2421793 0.1393544 0.09944405 0.07116927 0.04994176 0.08937518 0.0744836 0.04253662 0.02901477 0.09051285 0.05988969 0.03206895 0.08834248 0.3008188 0.3158902 0.6220919 0.2350472 0.7864128 1.411728 0.6339483 0.7917299 0.602948 0.8825793 0.9119341 0.6114377 1.017795
22.46227 97.2113 82.87042 9.53004 1.291568 0.4621639 0.4819484 0.6477968 0.2006432 0.065808 3.712797 17.47439 28.23308 24.40205 14.57794 15.16973 7.742408 5.742238 3.883438 8.027478 1.52897 5.081264 1.074489 0.5607902 0.6066506 1.364024 0.348738 0.8205416 2.586714 0.8571166 3.238918 8.424065 17.9785 3.855705 4.635393 1.822845 5.881107 26.80699 32.99194 94.10418 179.6647 234.6699 93.32391 48.88328 16.78361 2.175207 0.4941772 0.03854107 0.0523371 0.05574304 0.0873886 0.07363811 0.1107071 0.08056085 0.09952074 0.1331026 0.1977475 0.2457726 0.7770872 1.120679 1.050799 0.9174958 0.9944509 1.188088 1.121482 1.2736 0.8099461 1.184529 0.6071593 1.243674 5.067016
0.860715 0.9555333 4.316525 0.08937575 0.5471758 1.025272 0.6681302 0.7880871 0.8046272 0.9502264 4.593135 1.13935 2.194468 10.01879 39.27311 10.83974 6.083788 4.857929 4.010532 3.751147 1.460433 0.6672252 2.455803 2.923718 1.557982 1.892358 1.538674 2.185845 2.442965 0.865633 0.7270511 1.353727 1.274944 18.33776 10.83139 4.663774 5.523496 40.60883 118.6122 116.4915 112.6947 66.64705 74.48273 103.4493 67.04115 37.16671 10.36064 1.920257 0.2133099 0.06714112 0.1263586 0.04150969 0.067724 0.1008241 0.123049 0.1466392 0.1641394 0.4687163 0.8340017 0.4398578 0.3733409 0.4704478 0.6944337 0.5609701 0.6969476 0.8247804 0.3877766 1.007069 1.199725 3.372425 37.67727
0.3274643 0.3893465 2.706322 0.8954549 1.356914 0.5247693 0.2915277 0.546635 0.774686 0.4598272 0.5537108 0.1158479 0.05693522 2.32076 14.73386 59.41434 1.08083 6.974914 6.845561 20.26431 4.535755 1.28084 2.113074 1.745649 2.41881 2.700123 2.085568 2.178083 0.6671663 0.2915442 0.6042091 0.6412093 1.83486 6.232942 5.001877 2.851698 4.44138 69.4165 103.1686 54.99018 40.46887 34.4368 53.41573 87.10139 182.181 112.5741 40.55986 24.00035 17.15222 2.803953 0.1801058 0.1353792 0.1512627 0.2729585 0.8593494 1.584058 1.901243 1.418782 3.667722 0.5784978 0.2968901 0.6388488 0.3167074 0.2044971 0.4936199 0.7362575 0.6006327 0.6618381 0.5951425 7.486287 20.96842
0.7382799 0.854589 1.287055 1.566809 1.085749 0.7108087 0.5436749 0.8864041 0.924103 0.362803 0.2645908 0.5169852 0.7195868 0.8519375 3.533994 5.613506 -9999 23.80898 3.26086 2.285539 3.534912 2.693924 1.850902 1.293839 3.059091 2.323821 1.412943 1.420576 1.190949 0.4326025 0.49249 1.242945 1.576352 3.938757 8.59916 37.09051 39.72466 67.44128 5.921033 7.676632 17.15796 22.60497 46.34812 112.2107 425.9171 188.1038 171.1008 65.35336 47.97944 24.74475 22.25005 12.57348 1.683016 0.3984808 0.7727064 0.4799628 0.9176328 0.5209687 0.4239742 0.5328898 0.7160297 2.220804 1.895823 0.6983828 0.1951627 0.3954021 0.803014 0.6443864 2.037056 17.26249 14.72519
2.655901 1.237527 0.7680769 1.060919 0.7691315 0.1450101 0.262949 0.9893559 0.99212 0.4175137 0.9016291 1.211154 0.83618 0.6856458 0.3871499 0.6351828 8.022388 0.857635 2.93839 6.193059 2.354356 1.806788 3.063932 5.852184 3.363387 1.258628 0.8331871 1.289993 1.19153 1.454351 0.951193 1.066293 1.142847 2.695907 34.09393 92.99009 22.38665 6.131146 5.951097 11.19471 27.03309 37.16382 67.3401 81.24844 146.6756 189.6997 147.1889 144.3468 140.1178 116.6725 113.8226 66.15253 59.84467 17.66985 12.51358 19.66823 3.406582 1.278113 2.916161 2.330403 9.24702 30.39575 39.1613 2.933584 0.9638985 1.044889 2.767267 3.509967 5.510744 18.34973 29.74698
0.8648974 1.197289 0.6981134 0.5849086 0.3545978 0.2913181 0.346776 0.703209 0.5598919 1.273941 2.939276 2.225103 0.7282566 0.4015257 0.1515093 0.3981648 22.97749 148.6839 0.9074866 -9999 2.087944 2.042133 4.552591 4.896897 2.380488 0.6753374 1.159297 1.385135 1.79988 2.805847 3.693041 3.043879 1.245955 2.251366 26.18474 53.30676 6.132324 3.639013 7.559056 28.33611 38.97282 44.66947 79.92066 58.76236 71.0281 84.5735 94.50538 179.6009 152.2527 173.9848 216.5719 257.8463 281.953 164.0315 124.6718 112.5733 87.0882 71.96243 81.27908 88.42229 32.54735 36.88684 5.731763 1.047165 0.9283272 1.624742 5.446696 9.455079 10.39262 12.10043 20.54692
0.5605444 0.2666999 -9999 0.7463289 0.7979193 1.824865 0.7226714 0.7895386 1.101427 2.17278 3.600533 2.096285 5.887541 3.50583 1.308614 0.3541431 0.5971043 1.644873 18.67184 2.477379 -9999 5.571606 35.01609 9.05007 0.6200604 0.6200857 1.017012 1.912148 3.516092 2.996533 3.294312 1.862153 1.639996 8.078572 38.09974 84.64368 35.53431 17.53384 23.67946 28.49091 31.22101 40.29539 37.57539 33.06409 28.44326 54.60285 50.00083 73.80362 158.2866 219.5397 194.1516 227.3799 322.6136 252.0784 213.8674 143.1099 183.4064 52.92724 53.77399 31.38995 21.5893 15.03915 2.7356 5.724782 5.234367 7.691736 9.98422 19.25732 11.26363 24.76066 24.27762
4.141893 0.02391511 0.05161438 -9999 1.948879 2.959009 6.108404 2.91527 0.3225251 0.6702046 0.9565186 1.094011 16.2205 23.90381 19.27825 0.5198764 0.3529147 0.3360839 1.256335 2.477379 2.477379 2.477379 15.69352 6.0876 5.4858 -9999 -9999 -9999 -9999 -9999 -9999 -9999 -9999 491.4562 187.1055 29.62759 17.38968 9.727829 30.58522 49.97947 45.16209 42.14972 34.90014 35.30913 35.18549 43.22075 33.02971 41.86154 56.58515 52.33859 67.93454 119.0692 124.948 109.7246 110.3131 177.7979 195.7698 228.2077 156.5001 82.18355 29.27762 8.666807 5.321548 6.079569 7.906421 12.68149 12.83153 10.12361 5.791787 26.34795 21.3407
0.1121211 0.03694164 0.1505673 -9999 -9999 1.370504 4.453289 0.5094612 1.580106 0.7425353 0.3942949 0.4173709 0.3623553 0.8778179 1.779534 0.8682928 0.3529147 0.3529147 0.6781326 2.477368 2.477379 2.477379 1.196151 1.703018 6.608548 11.49067 4.445014 -9999 -9999 -9999 -9999 -9999 -9999 -9999 10.24039 5.678924 6.352455 13.13914 17.9537 102.1964 60.21588 67.10781 49.80204 42.69656 60.12117 37.55097 39.32286 41.17962 25.84879 25.54887 26.76757 45.2437 85.14243 136.4092 94.57256 157.5363 168.2887 425.7717 135.4727 13.55449 4.989669 6.954185 9.161051 5.527384 7.227311 8.97014 8.676543 6.084695 6.24516 16.16429 15.59891
0.001225994 0.00758017 0.1455311 0.1632634 -9999 9.092456 10.58396 1.776623 2.814297 1.295874 0.329959 0.3326582 0.2676046 0.1655664 0.1608141 0.3253811 0.3529147 0.3529147 0.3529147 0.5278856 0.883206 1.238972 0.5946557 0.5640289 1.604468 0.8840326 2.055686 -9999 -9999 -9999 -9999 -9999 -9999 -9999 -9999 33.1278 31.73071 44.21687 34.45124 94.02115 92.21066 63.76178 61.56663 44.12152 27.44227 30.28622 30.73074 19.25637 27.77844 42.92702 24.25741 35.66777 39.18426 65.30974 119.2334 331.4056 109.0821 181.8934 248.4524 33.81479 2.982876 8.871859 22.25631 15.99316 6.111219 5.985082 7.302438 5.922882 3.074116 5.552586 12.45365
0.5500618 0.4939345 0.493688 0.4937979 0.4940983 138.6425 45.11075 7.709245 1.226288 0.2838254 0.2814262 0.3130807 0.1546691 0.1353304 0.1450839 0.3483829 0.3529147 0.3529147 0.3529147 0.3529147 0.3529147 0.3529147 0.3120674 0.218024 0.1774723 0.473131 1.420005 -9999 -9999 -9999 -9999 -9999 -9999 -9999 -9999 -9999 32.81569 36.77048 37.24771 150.8107 44.94417 47.2368 51.62334 36.78278 27.72792 38.19054 46.31538 33.46017 75.61111 47.12164 39.71044 19.80857 26.51809 55.35726 113.5702 81.46581 29.25463 96.43124 269.6368 37.54644 2.166673 12.70429 25.06793 29.76162 4.750206 2.916574 4.2536 4.848969 4.314439 3.141243 13.2099
