manual/examples/resources/data/gpw/gpw_v4_basic_demographic_characteristics_rev10_a000_014mt_2010_cntm_1_deg.asc
ncols         360
nrows         145
xllcorner     -180
yllcorner     -60
cellsize      0.99999999999994
NODATA_value  -9999
[rows 64 to 95 of 145, columns 142 to 212 of 360]
-9999 -9999 -9999 -9999 -9999 -9999 -9999 -9999 -9999 -9999 -9999 -9999 -9999 -9999 -9999 -9999 -9999 -9999 -9999 -9999 25940.95 202.216 1048.468 1405.644 6449.915 1655.763 168.2668 165.9005 172.2632 178.624 205.7341 239.4602 356.7102 259.2305 244.835 244.8261 241.3171 349.4183 431.3079 781.0227 608.9335 299.4725 337.6926 489.1358 1067.466 3713.374 587.5242 587.3204 582.4609 166.8819 166.8819 166.8819 166.8819 239.4048 494.7653 348.1715 289.7519 290.0554 495.0227 904.9105 466.446 223.851 223.363 1324.243 1319.989 1315.186 1312.527 1311.46 1298.365 1308.759 5038.736
-9999 -9999 -9999 -9999 -9999 -9999 -9999 -9999 -9999 -9999 -9999 -9999 -9999 -9999 -9999 -9999 -9999 -9999 -9999 -9999 -9999 500.5019 1298.103 1374.196 1945.838 742.7814 1660.457 157.5791 143.1417 151.2207 235.3194 237.4357 356.0841 333.8549 246.3953 489.9179 801.3585 254.2722 1063.84 1983.522 1058.247 382.1995 691.0784 1346.251 4157.745 4419.099 690.7147 591.0634 586.9849 167.9454 167.9454 167.9454 167.9454 268.7475 469.8849 297.4379 291.5984 683.9146 1088.624 1089.262 1089.262 886.2109 2483.349 2483.438 2483.438 4552.796 6607.416 6572.717 24998.94 7697.091 8922.362
-9999 -9999 -9999 -9999 -9999 -9999 -9999 -9999 -9999 -9999 -9999 -9999 -9999 -9999 -9999 -9999 -9999 -9999 -9999 -9999 -9999 41319.19 145597.4 2709.391 3208.217 4902.27 3931.798 532.4879 115.7578 178.131 238.8669 238.8669 342.3368 827.9937 450.8939 569.6943 1718.418 3836.413 2522.544 5318.531 1688.879 344.8012 1908.897 2501.319 4433.829 4044.822 1011.106 656.048 1162.974 168.9577 168.9577 168.9577 168.9577 306.517 724.1047 788.212 789.0867 1460.501 1119.729 1095.828 1095.828 1095.828 2498.236 2498.407 2498.407 3589.261 4683.655 4661.243 5042.819 16569.81 23447.63
-9999 -9999 -9999 -9999 -9999 -9999 -9999 -9999 -9999 -9999 -9999 -9999 5354.461 991.7184 -9999 -9999 -9999 -9999 -9999 -9999 -9999 2595.371 21394.72 8400.786 13047.53 13535.94 7146.089 3456.785 1671.507 1032.895 241.5442 240.2254 369.2064 434.0579 1649.755 1803.559 7895.86 6584.356 4942.755 3627.395 635.6265 797.8516 1975.557 2452.939 2830.187 10710.24 20067.43 13436.55 9512.337 501.7746 942.8514 1157.932 1165.751 968.479 899.3309 899.4109 1780.764 3468.639 2296.17 1102.06 1138.661 1178.728 2512.452 2512.616 2512.616 2859.385 3200.012 4829.779 8779.747 12108.76 28716.07
-9999 -9999 -9999 -9999 -9999 -9999 -9999 -9999 -9999 -9999 -9999 -9999 3225.096 9391.249 -9999 4704.761 -9999 -9999 -9999 -9999 -9999 45055.99 74190.88 58016.3 51448.04 34454.34 26047.25 16961.24 14010.23 11766.56 18220.31 3155.025 4517.995 8009.89 68302.2 19247.16 9470.216 45261.06 13932.05 4330.072 1735.553 1234.222 4409.933 12862.56 13343.14 3654.594 5305.49 2732.918 1750.918 1675.56 1186.708 1186.708 1430.33 3583.187 2249.879 962.203 2709.18 3615.462 2311.02 1107.956 10264.53 13207.85 3854.565 2526.06 2655.063 6283.589 6772.09 9228.602 10225.38 105326.2 274426.3
-9999 -9999 -9999 -9999 -9999 -9999 -9999 -9999 -9999 -9999 -9999 -9999 -9999 640.3201 42376.5 47.61559 -9999 -9999 -9999 -9999 798.9562 187723.2 74827.69 34430.32 73092.95 63634.93 34997.52 46175.38 61305.42 30046.34 27995.42 18681.57 16565.46 39963.88 56357.76 17313.94 12599.56 8654.227 26963.63 18971.54 14318.34 20259.55 38115.16 63545.59 40643.78 16148.25 31780.42 31530.26 1684.964 1683.21 1192.662 1252.718 4076.337 4985.253 5394.564 5948.004 7084.843 11750.99 16120.69 23952.7 25313.83 11793.19 4633.429 2538.734 2544.764 9183.164 9413.481 10734.85 13289.51 17317.67 859216.8
-9999 -9999 -9999 -9999 -9999 -9999 -9999 -9999 -9999 -9999 -9999 -9999 -9999 6905.214 4646.811 -9999 -9999 -9999 -9999 -9999 708748.6 532686.1 259433.6 45670.84 33531.57 48510.32 98848.94 54710.34 55640.92 21836.02 27056.68 36693.83 77222.52 112198.1 136767.6 65019.97 55021.52 80459.06 85307.51 102534.8 63080.62 63966.41 119999.9 267146.8 223302.1 166613.6 102332.4 101453.9 24603.82 11754.13 16555.29 19891.54 15180.91 27283.45 8162.298 8109.997 13342.4 18094.32 34962.68 48408.16 46329.93 27491.09 12959.15 34020.11 19345.28 11203.77 9672.75 17412.84 26212.81 53776.43 243799.1
-9999 -9999 -9999 -9999 -9999 -9999 -9999 -9999 -9999 -9999 -9999 -9999 -9999 -9999 -9999 -9999 -9999 -9999 -9999 -9999 -9999 353842.4 201083.1 121861 65141.01 32136.4 31034.63 32071.16 48435.22 44556.16 97602.21 158132.1 144389.6 141256.9 114520.5 211537.1 210431 159751.7 103918.5 115160.3 343256.1 165472 176075 563779.6 317414.4 493660.2 490446.2 234207.3 75328.03 60254.38 75584.2 94537.77 54556.58 101029.2 42280.35 24977.36 14545.54 20069.43 49368.13 85430.7 110574.8 111831.6 133766.9 82047.75 22325.58 30012.95 41407.63 67325.17 91170.56 71482.69 220094
-9999 -9999 -9999 -9999 -9999 -9999 -9999 -9999 -9999 -9999 -9999 -9999 -9999 -9999 -9999 -9999 -9999 -9999 -9999 -9999 -9999 106882.2 147152.5 122157.7 66557.08 41278.34 33744.37 26570.74 37672.27 245430.6 423019.7 122002.4 194935.1 138888.2 135091.2 257680.5 590166.5 258195.1 97846.05 62439.2 102581.5 203784.1 422085.3 349033.2 449582.4 773038.1 1340681 495687.5 425164.6 126506.7 123320.8 156665.3 250348 218708 44154.23 39061.28 44983.62 29627.49 23928.31 58787.79 75626.52 56616.51 130137.7 106037.4 32095.7 45709.36 45240.68 50182.7 82382.97 59002.29 75304.84
-9999 -9999 -9999 -9999 -9999 -9999 -9999 -9999 -9999 -9999 -9999 -9999 -9999 -9999 -9999 -9999 -9999 -9999 -9999 -9999 -9999 7127.651 118648.4 43481.19 56540.27 192688.4 57905.18 40480.7 104743 105362 86589.63 105267.2 159507.8 257553.8 140786.9 132342.6 137624.1 262600.1 134343.5 81269.11 96102.01 154348.6 280175.8 266597.3 227501.4 880138.2 1571770 609441 502172 248561.3 117769.1 361659.8 213387.8 69991.46 26993.77 28894.89 36217.85 19134.09 22321.84 24636.2 42088.43 69574.94 173752 122655.6 79561.83 41973.3 30993.04 31194.41 34147.32 27921.82 26977.87
-9999 -9999 -9999 -9999 -9999 -9999 -9999 -9999 -9999 -9999 -9999 -9999 -9999 -9999 -9999 -9999 -9999 -9999 -9999 -9999 -9999 -9999 1008.715 94725.8 106100.4 127745.5 64918.02 51247.34 107397.8 45165.16 38941.49 92627.09 125311.5 117746.6 106921.3 122042.7 96984.91 237702.5 240886.6 133924.5 97020.9 92237.08 110215 146989.7 154453.4 495379.1 351802.5 240133.4 251557.5 442819 203847.4 491012.7 380156.8 141850.6 49435.44 32691.39 17588.94 18323.29 20743.73 5512.84 4998.64 48812.26 94432.34 40613.02 60000.55 35264.07 21654.88 18246.73 17472.22 20488.81 23040.43
-9999 -9999 -9999 -9999 -9999 -9999 -9999 -9999 -9999 -9999 -9999 -9999 -9999 -9999 -9999 -9999 -9999 -9999 -9999 -9999 -9999 -9999 -9999 22.99751 495228.6 140692.5 70626.27 77466.23 56201.06 34538.64 35411.66 59808.61 147725 34920.85 36279.23 73525.89 45723 188958.4 135538.8 193846.4 133264.7 86325.31 81517.89 218796.4 283127.6 435858.7 603888.7 365599 141519.4 327716.9 318454.5 258672.2 159981.5 212878.1 113003.4 84250.98 44416.77 26951.71 5342.83 3226.738 2885.838 17745.58 29957.93 2552.114 57036.34 92239.03 63128.26 54878.38 33937.75 66051.49 23589.78
-9999 -9999 -9999 -9999 -9999 -9999 -9999 -9999 -9999 -9999 -9999 -9999 -9999 -9999 -9999 -9999 -9999 -9999 -9999 -9999 -9999 -9999 -9999 -9999 228612.6 192709.7 149354.4 200272.2 83521.05 74099.11 43841.42 56595.78 70874.62 41737.88 37130.33 71735.8 48788.08 87012.39 127664.1 124571.6 119613.6 245667.9 507271.3 264357.1 197296.1 290302.8 289342.1 202937.8 119952.1 169165.3 113241.9 88038.5 46830.13 132489.6 165978 135763.3 54747.85 3306.497 2335.448 2461.164 1270.124 6823.584 7274.022 2559.179 23211.77 65340.16 89976.41 60543.3 50293.67 44093.5 57557.21
-9999 -9999 -9999 -9999 -9999 -9999 -9999 -9999 -9999 -9999 -9999 -9999 -9999 -9999 -9999 -9999 -9999 -9999 -9999 -9999 -9999 -9999 -9999 -9999 130.6188 50582.17 232217.2 55604.47 77088.66 213950.7 198553.4 164747.1 175749.7 148840.6 105980.8 231412.5 192184 66210.52 187584.7 255047.4 289512.8 792167.8 1042535 900924.3 502380.7 415459.8 422597.3 328322.3 109333.5 51027.29 27355.57 51138.37 44866.34 56874.72 57483.6 26297.73 17448.87 8749.22 1522.589 6306.83 3507.057 641.6808 244.595 1610.652 7269.284 23935.47 40674.89 63967.98 40121.82 41166.63 46311.42
-9999 -9999 -9999 -9999 -9999 -9999 -9999 -9999 -9999 -9999 -9999 -9999 -9999 -9999 -9999 -9999 -9999 -9999 -9999 -9999 -9999 -9999 -9999 -9999 -9999 -9999 14780.66 309442.6 73611.84 100311.7 174502.2 281441.3 285585.3 142902.6 173108.5 224637.1 745814.1 313516.1 287861 740687.9 822194.1 2016601 316214.9 402595 838430.9 1008020 546557.2 253792.1 269497.9 110351.3 38760.34 46400.82 39355.23 41341.69 26377.42 34651.28 14743.19 21235.58 3859.956 10640.1 4685.199 760.9673 868.7018 157.0184 8478.854 9559.818 22871.48 45777.41 56443.77 41827.4 30078.11
-9999 -9999 -9999 -9999 -9999 -9999 -9999 -9999 -9999 -9999 -9999 -9999 -9999 -9999 -9999 -9999 -9999 -9999 -9999 -9999 -9999 -9999 -9999 -9999 -9999 -9999 -9999 9350.569 31507.79 31474.22 54367.59 232812.5 166702.1 719031.3 446285.1 157575.6 362268.7 893837.5 86302.5 870.5272 -9999 -9999 4374.438 490084.8 897275.4 1786994 259140.1 134440.8 463617.8 49563.98 15615.94 35034.27 27273.6 23108.81 19486.47 14266.93 8022.417 22386.74 36717.13 19506.7 3685.558 3329.102 2587.822 7880.7 6065.278 14177.32 28450.96 20339.07 27189.98 44042.47 27713.26
-9999 -9999 -9999 -9999 -9999 -9999 -9999 -9999 -9999 -9999 -9999 -9999 -9999 -9999 -9999 -9999 -9999 -9999 -9999 -9999 -9999 -9999 -9999 -9999 -9999 -9999 -9999 -9999 201.823 12560.21 73092.19 74053.59 97.63273 -9999 -9999 17794.08 94803.43 -9999 -9999 -9999 -9999 -9999 -9999 94559.95 503888.9 973408 299983.6 454339.4 50198.84 90719.27 29789.79 28421.5 34681.3 45053 23850.01 20702.15 220784.3 61287.79 57683.29 46679.17 33675.53 13491.11 13516.26 7912.004 6593.495 14031.58 26167.98 28152.5 66588.27 61427.78 61095.89
-9999 -9999 -9999 -9999 -9999 -9999 -9999 -9999 -9999 -9999 -9999 -9999 -9999 -9999 -9999 -9999 -9999 -9999 -9999 -9999 -9999 -9999 -9999 -9999 -9999 -9999 -9999 -9999 -9999 -9999 -9999 -9999 -9999 -9999 -9999 -9999 -9999 -9999 -9999 -9999 -9999 -9999 -9999 -9999 -9999 -9999 63278.43 211449.9 50256.08 540359.9 30614.43 18301.64 20064.9 19307.43 17200.2 22104.98 49840.17 156868.9 85354.46 56278.17 39997.83 18201.27 18865.04 21603.54 26942.65 31117.91 19320.77 50572.64 277760.8 311767.5 118219.7
-9999 -9999 -9999 -9999 -9999 -9999 -9999 -9999 -9999 -9999 -9999 -9999 -9999 -9999 -9999 -9999 -9999 -9999 -9999 -9999 -9999 -9999 -9999 -9999 -9999 -9999 -9999 -9999 -9999 -9999 -9999 -9999 -9999 -9999 -9999 -9999 -9999 -9999 -9999 -9999 -9999 -9999 -9999 -9999 -9999 -9999 -9999 11862.66 50920.53 48482.35 21915.61 18294.05 13316.93 12545.36 8206.438 10683.47 79835.66 95965.24 88608.77 88307.8 84017.39 34458.92 26121.73 31620.42 30873.78 63656.73 50141.57 65349.52 462073.1 202505.8 376244.1
-9999 -9999 -9999 -9999 -9999 -9999 -9999 -9999 -9999 -9999 -9999 -9999 -9999 -9999 -9999 -9999 -9999 -9999 -9999 -9999 -9999 -9999 -9999 -9999 -9999 -9999 -9999 -9999 -9999 -9999 -9999 -9999 -9999 -9999 -9999 -9999 -9999 -9999 -9999 -9999 -9999 -9999 -9999 -9999 -9999 1542.402 -9999 49342.93 58666.42 47279.2 8669.957 4022.115 4695.696 4522.212 5877.062 10853.65 27709.75 44244.55 50261.74 61695.28 29395.92 26413.6 31698.21 24657.62 14344.01 32010.88 25277.47 108597.5 294949.6 249855.5 199470.4
-9999 -9999 -9999 -9999 -9999 -9999 -9999 -9999 -9999 -9999 -9999 -9999 -9999 -9999 -9999 -9999 -9999 -9999 -9999 -9999 -9999 -9999 -9999 -9999 -9999 -9999 -9999 -9999 -9999 -9999 -9999 -9999 -9999 -9999 -9999 -9999 -9999 -9999 -9999 -9999 -9999 -9999 -9999 -9999 34126.41 -9999 -9999 142158.7 5010.105 5637.524 4336.966 4647.154 8252.687 6571.347 5670.32 11656.88 41544.03 40308.91 32869.31 33561.8 32107.83 39246.64 76735.58 156209 12200.11 14659.99 136246.4 573086.7 484809.9 347797.7 1179239
-9999 -9999 -9999 -9999 -9999 -9999 -9999 -9999 -9999 -9999 -9999 -9999 -9999 -9999 -9999 -9999 -9999 -9999 -9999 -9999 -9999 -9999 -9999 -9999 -9999 -9999 -9999 -9999 -9999 -9999 -9999 -9999 -9999 -9999 -9999 -9999 -9999 -9999 -9999 -9999 -9999 -9999 -9999 -9999 10.53226 -9999 2313.765 37435.85 9402.025 4376.171 6165.763 6191.128 9244.963 9609.815 9577.938 19064.91 99047.22 33842.71 34491.7 35610.12 27959.01 30300.85 23906.64 17007.07 24279.58 22478.9 98534.26 308173.4 551723.2 409510.7 25444.18
-9999 -9999 -9999 -9999 -9999 -9999 -9999 -9999 -9999 -9999 -9999 -9999 -9999 -9999 -9999 -9999 -9999 -9999 -9999 -9999 -9999 -9999 -9999 -9999 -9999 -9999 -9999 -9999 -9999 -9999 -9999 -9999 -9999 -9999 -9999 -9999 -9999 -9999 -9999 -9999 -9999 -9999 -9999 1007.021 -9999 -9999 198.0274 9954.696 5897.229 7976.226 11346.32 52060.3 9188.95 10722 20587.94 44599.12 38606.22 26940.29 7649.2 11702.36 23139.96 22559.34 20133.92 17713.01 26758.93 36524.59 253673.8 1019833 682227.3 271046 16553.58
-9999 -9999 -9999 -9999 -9999 -9999 -9999 -9999 -9999 -9999 -9999 -9999 -9999 -9999 -9999 -9999 -9999 -9999 -9999 -9999 -9999 -9999 -9999 -9999 -9999 -9999 -9999 -9999 -9999 -9999 -9999 -9999 -9999 -9999 -9999 -9999 -9999 -9999 -9999 -9999 -9999 -9999 -9999 -9999 -9999 -9999 -9999 904.8052 6773.79 12985.48 17029.99 17259.92 12510.1 10776.39 56986.05 27734.2 30847.25 25567.91 17405.39 11072.97 1026.969 246.3089 1950.999 52384.88 34506.4 35755.05 578559.8 981225.3 671264.7 180052.7 407487.2
-9999 -9999 -9999 -9999 -9999 262 -9999 -9999 -9999 -9999 -9999 -9999 -9999 -9999 -9999 -9999 -9999 -9999 -9999 -9999 -9999 -9999 -9999 -9999 -9999 -9999 -9999 -9999 -9999 -9999 -9999 -9999 -9999 -9999 -9999 -9999 -9999 -9999 -9999 -9999 -9999 -9999 -9999 -9999 -9999 -9999 -9999 -9999 848.1699 8914.185 24374.48 22740.83 17403.62 9887.519 20622.83 66169.96 31095.34 27547.66 17298.86 15323.72 1239.891 -9999 2813.158 33041.79 68065.84 47896.38 150959.3 834084.9 411303.6 126558.3 297650.5
31558.94 372.4293 -9999 -9999 -9999 -9999 -9999 -9999 -9999 -9999 -9999 -9999 -9999 -9999 -9999 -9999 -9999 -9999 -9999 -9999 -9999 -9999 -9999 -9999 -9999 -9999 -9999 -9999 -9999 -9999 -9999 -9999 -9999 -9999 -9999 -9999 -9999 -9999 -9999 -9999 -9999 -9999 -9999 -9999 -9999 -9999 -9999 -9999 -9999 117666.3 40471 82994.06 45199.56 1679917 61987.36 70508.6 155339.5 134106.1 69839.41 83770.82 72075.07 17198.21 2632.056 27456.5 86817.42 55297.3 85793.83 295180.6 182072.1 37016.05 166588.2
54696.92 33190.13 180419.6 -9999 -9999 -9999 -9999 -9999 -9999 -9999 -9999 -9999 -9999 -9999 -9999 -9999 -9999 -9999 -9999 -9999 -9999 -9999 -9999 -9999 -9999 -9999 -9999 -9999 -9999 -9999 -9999 -9999 -9999 -9999 -9999 -9999 -9999 -9999 -9999 -9999 -9999 -9999 -9999 -9999 -9999 -9999 -9999 -9999 -9999 1.622439 177131.7 220880.6 123392 109252.6 69019.14 84327.66 201013 118409.3 104132.6 128336.7 338204.1 91522.32 60271.98 59059.02 82642.5 56800.81 45883.54 37399.8 43187.4 47709.29 95281.91
46184.53 47256.14 128016.1 7577.053 -9999 -9999 -9999 -9999 -9999 -9999 -9999 -9999 -9999 -9999 -9999 -9999 -9999 -9999 -9999 -9999 -9999 -9999 -9999 -9999 -9999 -9999 -9999 -9999 -9999 -9999 -9999 -9999 -9999 -9999 -9999 -9999 -9999 -9999 -9999 -9999 -9999 -9999 -9999 -9999 -9999 -9999 -9999 -9999 -9999 -9999 39635.85 17893.49 52337.12 58721.16 61304.82 54195.81 45470.7 86069.99 180352.4 167870.8 192165.3 928354.5 165437.7 92894.27 44293.25 39005.45 51221.22 28744.49 40966.61 48863.97 8076.071
67695.98 46598.2 249118.3 233463 -9999 -9999 -9999 -9999 -9999 -9999 -9999 -9999 -9999 -9999 -9999 -9999 -9999 -9999 -9999 -9999 -9999 -9999 -9999 47.973 -9999 -9999 -9999 -9999 -9999 -9999 -9999 -9999 -9999 -9999 -9999 -9999 -9999 -9999 -9999 -9999 -9999 -9999 -9999 -9999 -9999 -9999 -9999 -9999 -9999 -9999 729.1282 14929.21 69726.24 217652 29019.25 50147.2 51167.88 32664.53 57537.42 78475.39 113181 177109.8 54927.56 86160.3 143756 103809.6 56247.28 53832.74 38251.47 103818.7 4819.022
47355.38 125638.3 251781.1 252502.1 -9999 -9999 -9999 -9999 -9999 -9999 -9999 -9999 -9999 -9999 -9999 -9999 -9999 -9999 -9999 -9999 -9999 -9999 -9999 -9999 -9999 -9999 -9999 -9999 -9999 -9999 -9999 -9999 -9999 -9999 -9999 -9999 -9999 -9999 -9999 -9999 -9999 -9999 -9999 -9999 -9999 -9999 -9999 -9999 -9999 -9999 -9999 657644.3 50517.71 47190.95 18326.54 26359.66 25700.03 6160.202 23616.38 39676.57 27302.67 32104.95 40983.2 56629.36 108753.9 71483.02 58280.18 58657.58 27170.43 113961.5 104557.4
85893.95 175978.6 188892.2 -9999 -9999 -9999 -9999 -9999 -9999 -9999 -9999 -9999 -9999 -9999 -9999 -9999 -9999 -9999 -9999 -9999 -9999 -9999 -9999 -9999 -9999 -9999 -9999 -9999 -9999 -9999 -9999 -9999 -9999 -9999 -9999 -9999 -9999 -9999 -9999 -9999 -9999 -9999 -9999 -9999 -9999 -9999 -9999 -9999 -9999 -9999 652.1551 202117.6 74146.96 43345.66 135251.7 14387.35 15384.28 12317.25 40409.9 15555.25 31165.49 31460.77 38121.98 58170.93 56556.27 41648.12 68092.16 40589.32 33659.22 57793.11 114056.5
190491.4 57124.41 -9999 -9999 -9999 -9999 -9999 -9999 -9999 -9999 -9999 -9999 -9999 -9999 -9999 -9999 -9999 -9999 -9999 -9999 -9999 -9999 -9999 -9999 -9999 -9999 -9999 -9999 -9999 -9999 -9999 -9999 -9999 -9999 -9999 -9999 -9999 -9999 -9999 -9999 -9999 -9999 -9999 -9999 -9999 -9999 -9999 -9999 -9999 -9999 -9999 18043.16 115482.6 34137.09 27626.79 17750.09 9237.319 16088.26 18502.73 8214.809 39484.33 45969.52 38369.41 40793.04 112141.1 48830.98 58865.99 40355.7 44894.05 37539.06 29823.91
