manual/examples/resources/data/gpw/gpw_v4_basic_demographic_characteristics_rev10_a000_014mt_2010_dens_1_deg.asc
ncols         360
nrows         145
xllcorner     -180
yllcorner     -60
cellsize      0.99999999999994
NODATA_value  -9999
[rows 0 to 31 of 145, columns 213 to 283 of 360]
-9999 -9999 -9999 -9999 -9999 -9999 -9999 -9999 -9999 -9999 -9999 -9999 -9999 -9999 -9999 -9999 -9999 -9999 -9999 -9999 -9999 -9999 -9999 -9999 -9999 -9999 -9999 -9999 -9999 -9999 -9999 -9999 -9999 -9999 -9999 -9999 -9999 -9999 -9999 -9999 -9999 -9999 -9999 -9999 -9999 -9999 -9999 -9999 -9999 -9999 -9999 -9999 -9999 -9999 -9999 -9999 -9999 -9999 -9999 -9999 -9999 -9999 -9999 -9999 -9999 -9999 -9999 -9999 -9999 -9999 -9999
-9999 -9999 -9999 -9999 -9999 -9999 -9999 -9999 -9999 -9999 -9999 -9999 -9999 -9999 -9999 -9999 -9999 -9999 -9999 -9999 -9999 -9999 -9999 -9999 -9999 -9999 -9999 -9999 -9999 -9999 -9999 -9999 -9999 -9999 -9999 -9999 -9999 -9999 -9999 -9999 -9999 -9999 -9999 -9999 -9999 -9999 -9999 -9999 -9999 -9999 -9999 -9999 -9999 -9999 -9999 -9999 -9999 -9999 -9999 -9999 -9999 -9999 -9999 -9999 -9999 -9999 -9999 -9999 -9999 -9999 -9999
-9999 -9999 -9999 -9999 -9999 -9999 -9999 -9999 -9999 -9999 -9999 -9999 -9999 -9999 -9999 -9999 -9999 -9999 -9999 -9999 -9999 -9999 -9999 -9999 -9999 -9999 -9999 -9999 -9999 -9999 -9999 -9999 -9999 -9999 -9999 -9999 -9999 -9999 -9999 -9999 -9999 -9999 -9999 -9999 -9999 -9999 -9999 -9999 -9999 -9999 -9999 -9999 -9999 -9999 -9999 -9999 -9999 -9999 -9999 -9999 -9999 -9999 -9999 -9999 -9999 -9999 -9999 -9999 -9999 -9999 -9999
-9999 -9999 -9999 -9999 -9999 -9999 -9999 -9999 -9999 -9999 -9999 -9999 -9999 -9999 -9999 -9999 -9999 0.003221402 0.003221403 -9999 -9999 0.003221402 0.003221403 0.003221402 0.003221403 0.003221402 0.003221402 0.003221403 0.003221402 0.003221403 0.003221403 0.003221403 0.003221403 -9999 -9999 -9999 -9999 -9999 -9999 -9999 -9999 -9999 -9999 -9999 -9999 -9999 -9999 -9999 -9999 -9999 -9999 -9999 -9999 -9999 -9999 -9999 -9999 0.003693315 0.003693315 -9999 0.003693315 0.003693315 0.003693315 0.003693315 -9999 -9999 -9999 -9999 -9999 -9999 -9999
-9999 -9999 -9999 0.008717927 -9999 -9999 -9999 -9999 -9999 -9999 -9999 0.003221402 0.003221402 0.003221403 0.003221403 0.003221402 0.003221402 0.003221403 0.003221402 0.003221402 0.003221403 0.003221402 0.003221402 0.003221402 0.003221403 0.003221402 0.003221403 0.003221402 0.003221402 0.003221403 0.003221403 0.003221402 0.003221403 -9999 -9999 -9999 -9999 -9999 -9999 -9999 -9999 -9999 -9999 -9999 -9999 0.003693315 0.003693315 -9999 -9999 -9999 -9999 -9999 -9999 -9999 -9999 -9999 -9999 0.003693315 0.003693315 0.003693315 0.003693315 0.003693315 0.003693315 0.003693315 0.003693315 0.003693315 0.003693315 -9999 -9999 -9999 -9999
-9999 -9999 -9999 -9999 -9999 -9999 -9999 -9999 -9999 -9999 -9999 -9999 -9999 -9999 -9999 -9999 -9999 0.003221402 0.003221403 -9999 -9999 -9999 -9999 -9999 -9999 0.003221403 0.003221403 0.003221403 -9999 -9999 -9999 -9999 -9999 -9999 -9999 -9999 -9999 -9999 -9999 -9999 -9999 -9999 -9999 0.003693315 0.003693315 -9999 -9999 -9999 -9999 -9999 -9999 -9999 -9999 -9999 -9999 -9999 -9999 0.003693315 0.003693315 0.003693315 0.003693315 0.003693315 0.003693315 0.003693315 0.003693315 0.003693315 0.003693315 0.003693315 0.003693315 0.003693315 0.003693315
-9999 -9999 -9999 -9999 -9999 -9999 -9999 -9999 -9999 -9999 -9999 -9999 -9999 -9999 -9999 -9999 -9999 -9999 -9999 -9999 -9999 -9999 -9999 -9999 -9999 -9999 -9999 -9999 -9999 -9999 -9999 -9999 -9999 -9999 -9999 -9999 -9999 -9999 -9999 -9999 -9999 -9999 -9999 -9999 -9999 -9999 -9999 -9999 -9999 -9999 -9999 -9999 -9999 -9999 -9999 -9999 -9999 -9999 -9999 -9999 0.003693315 -9999 0.003693315 0.003693315 0.003693315 0.003693315 0.003693315 0.003693315 0.003693315 0.003693315 0.003693315
-9999 -9999 -9999 -9999 -9999 -9999 -9999 -9999 -9999 -9999 -9999 -9999 -9999 -9999 -9999 -9999 -9999 -9999 -9999 -9999 -9999 -9999 -9999 -9999 -9999 -9999 -9999 -9999 -9999 -9999 -9999 -9999 -9999 -9999 0.003221402 -9999 -9999 -9999 -9999 -9999 -9999 -9999 -9999 -9999 -9999 -9999 -9999 -9999 -9999 0.003693315 -9999 -9999 -9999 -9999 -9999 0.003693315 0.003693315 0.003693315 0.003693315 0.003693315 -9999 -9999 0.003693315 0.003693315 -9999 -9999 0.003693315 0.003693315 0.003693315 0.003693315 0.003693315
-9999 -9999 -9999 -9999 -9999 -9999 -9999 -9999 -9999 -9999 -9999 -9999 -9999 -9999 -9999 -9999 -9999 -9999 -9999 -9999 -9999 -9999 -9999 -9999 -9999 0.003221402 0.003221403 0.003221402 0.003221402 0.003221403 0.003221403 0.003221402 0.003221403 0.003221402 0.003221402 0.003221403 0.003221403 -9999 -9999 -9999 -9999 -9999 -9999 -9999 -9999 -9999 -9999 -9999 -9999 -9999 -9999 -9999 -9999 -9999 -9999 0.003693315 0.003693315 -9999 0.003693315 0.003693315 0.003693315 0.003693315 0.003693315 0.003693315 0.003693315 0.003693315 0.003693315 0.003693315 0.003693315 0.003693315 0.003693315
-9999 -9999 -9999 -9999 -9999 -9999 -9999 -9999 -9999 -9999 -9999 -9999 -9999 -9999 -9999 -9999 -9999 -9999 -9999 -9999 -9999 -9999 0.003221403 0.003221403 0.003221402 0.003221402 0.003221402 0.003221403 0.003221402 0.003221403 0.003221402 0.003221403 0.003221403 0.003221403 -9999 -9999 -9999 -9999 -9999 -9999 -9999 -9999 -9999 -9999 -9999 -9999 -9999 -9999 0.003693315 0.003693315 0.003693315 -9999 -9999 0.003693315 0.003693315 0.003693315 0.003693315 0.003693315 0.003693315 0.003693315 0.003693315 0.003693315 0.003693315 0.003693315 0.003693315 0.003693315 0.003693315 0.003693315 0.003693315 0.003693315 0.003693315
-9999 -9999 -9999 -9999 -9999 -9999 -9999 -9999 -9999 -9999 -9999 -9999 -9999 -9999 -9999 -9999 -9999 -9999 -9999 -9999 -9999 0.003221403 0.003221402 0.003221402 0.003221403 0.003221402 0.003221402 0.003221402 -9999 -9999 -9999 -9999 -9999 -9999 -9999 -9999 -9999 -9999 -9999 -9999 -9999 -9999 -9999 -9999 -9999 -9999 0.003693315 -9999 -9999 0.003693315 0.003693315 0.003693315 0.003693315 0.003693315 0.003693315 0.003693315 0.003693315 0.003693315 0.003693315 0.003693315 0.003693315 0.003693315 0.003693315 0.003693315 0.003693315 0.003693315 0.003693315 0.003693315 0.003693315 0.003693315 0.003693315
-9999 -9999 -9999 -9999 -9999 -9999 -9999 -9999 -9999 -9999 -9999 -9999 -9999 -9999 -9999 -9999 -9999 -9999 -9999 -9999 0.003221403 0.003221403 0.003221403 0.003221402 0.003221403 0.003221403 -9999 -9999 -9999 -9999 -9999 -9999 -9999 -9999 -9999 -9999 0.07999569 0.0799957 0.07999569 -9999 -9999 0.0799957 0.07999569 0.0799957 -9999 0.003693315 0.003693315 0.003693315 0.003693315 0.003693315 0.003693315 0.003693315 0.003693315 0.003693315 0.003693315 0.003693315 0.003693315 0.003693315 0.003693315 0.003693315 0.003693315 0.003693315 0.003693315 0.003693315 0.003693315 0.003693315 0.003693315 0.003693315 0.003693315 0.003693315 0.003693315
-9999 -9999 -9999 -9999 -9999 -9999 -9999 -9999 -9999 -9999 -9999 -9999 -9999 -9999 -9999 -9999 -9999 -9999 0.003221402 0.003221403 0.003221403 0.003221402 0.003221403 0.003221402 -9999 -9999 -9999 -9999 -9999 -9999 -9999 -9999 -9999 -9999 -9999 0.0799957 0.0799957 0.07999569 0.0799957 0.07999569 -9999 0.0799957 0.07999569 0.07999569 0.07999569 0.05214882 0.01022466 0.003693315 0.003693315 0.003693315 0.003693315 0.003693315 0.003693315 0.003693315 0.003693315 0.003693315 0.003693315 0.003693315 0.003693315 0.003693315 0.003693315 0.003693315 0.003693315 0.003693315 0.003693315 0.003693315 0.003693315 0.003693315 0.003693315 0.003693315 0.003693315
-9999 -9999 -9999 -9999 -9999 -9999 -9999 -9999 -9999 -9999 -9999 -9999 -9999 -9999 -9999 -9999 -9999 -9999 0.003221403 0.003221403 0.003221403 0.003221402 0.003221403 0.003221403 -9999 -9999 -9999 -9999 -9999 -9999 -9999 -9999 -9999 0.0799957 0.0799957 0.07999569 0.07999569 0.07999569 0.0799957 0.0799957 0.0799957 0.07999569 0.07999569 0.0799957 0.07999569 0.07999569 0.05738063 0.01052758 0.003693315 0.003693315 0.003693315 0.003693315 0.003693315 0.003693315 0.003693315 0.003693315 0.003693315 0.003693315 0.003693315 0.003693315 0.003693315 0.003693315 0.003693315 0.003693315 0.003693315 0.003693315 0.003693315 0.003693315 0.003693315 0.003693315 0.003693315
-9999 -9999 -9999 -9999 -9999 -9999 -9999 -9999 -9999 -9999 -9999 -9999 -9999 -9999 -9999 -9999 -9999 -9999 -9999 0.003221403 0.003221403 0.003221403 0.003221403 0.003221402 0.003221402 0.009967159 0.009967158 0.009967158 -9999 -9999 -9999 -9999 -9999 0.07999569 0.0799957 0.07999569 0.07999569 0.07999569 0.07999569 0.07999569 0.0799957 0.0799957 0.0799957 0.07999569 0.07999569 0.07999569 0.06836169 0.03394793 0.003693315 0.003693315 0.003693315 0.003693315 0.003693315 0.003693315 0.003693315 0.003693315 0.003693315 0.003693315 0.003693315 0.003693315 0.003693315 0.003693315 0.003693315 0.003693315 0.003693315 0.003693315 0.003693315 0.003693315 0.003693315 0.003693315 0.003693315
6.577765 0.1314315 0.1314315 0.1217314 -9999 -9999 -9999 -9999 -9999 -9999 -9999 -9999 -9999 -9999 -9999 0.009967158 0.009967158 0.009967159 -9999 -9999 -9999 -9999 -9999 -9999 -9999 0.009967158 0.009967158 0.009967159 0.009967159 0.009967158 0.009967158 0.01954629 0.07880057 0.07999569 0.0799957 0.07999569 0.07999569 0.07999569 0.07999569 0.0799957 0.07999569 0.0799957 0.0799957 0.07999569 0.0799957 0.07974387 0.04826605 0.0276059 0.02627167 0.009299369 0.003693315 0.003693315 0.003693315 0.003693315 1.895225 1.852463 0.003693315 0.003693315 0.003693315 0.003693315 0.003693315 0.003667649 0.003145403 0.002740789 0.002369746 0.002209583 0.002053027 0.002349151 0.002533819 0.002872483 0.003016643
5.227273 0.05587548 0.04653857 0.02300534 0.01814113 0.0194827 0.1947322 -9999 -9999 -9999 0.009967158 0.009967158 0.009967159 0.009967158 -9999 0.009967159 0.009967158 0.009967158 0.009967158 0.009967158 0.009967159 0.009967158 0.009967158 0.009967158 0.009967157 0.009967159 0.009967159 0.009967158 0.009967158 0.009967159 0.0118942 0.1050574 0.1080051 0.07999569 0.0799957 0.07999569 0.0799957 0.07999569 0.07999569 0.07999569 0.0799957 0.0799957 0.07999569 0.0799957 0.0799957 0.07999569 0.07999569 0.07999569 0.0799957 0.0504516 0.003961862 0.003693315 0.003782717 0.003911103 0.1079079 0.003693315 0.003693315 0.003693315 0.003693315 0.003488708 0.002870431 0.002269985 0.00178162 0.00178162 0.00178162 0.00178162 0.001781619 0.00178162 0.00178162 0.00178162 0.00178162
1.380321 0.3541697 0.01955312 0.01814113 0.01814113 0.01814113 0.02965383 0.02658671 0.02256134 -9999 0.009967159 0.009967158 0.009967159 0.009967159 0.009967159 0.009967158 0.009967158 0.009967158 0.009978851 0.07028227 0.3715613 0.01001516 0.01001647 0.01001906 0.0100213 0.010022 0.01000868 0.01002003 0.02400319 0.1295931 0.2922538 0.3793997 0.286635 0.09426007 0.07999571 0.07999569 0.07999569 0.0799957 0.07999569 0.0799957 0.0799957 0.07999569 0.0799957 0.0799957 0.0799957 0.0799957 0.0799957 0.0799957 0.07739284 0.02481742 0.007035241 0.005280202 0.006903967 0.007253083 0.005791376 0.005267319 0.005371369 0.00516502 0.002832355 0.001817039 0.00178162 0.001781619 0.00178162 0.001781619 0.001781619 0.00178162 0.00178162 0.00178162 0.00178162 0.00178162 0.001781619
0.06515687 0.03420566 0.02665953 0.02602372 0.02511917 0.02331201 0.02291341 0.01903592 0.02301069 0.02496538 0.02496539 0.01624761 0.01211475 0.01033696 0.00999581 0.01170076 0.01421489 0.01874297 0.02407378 0.02695361 0.05181624 0.1298454 0.1341887 0.1341887 0.1341887 0.1285248 0.09842914 0.0983935 0.1001395 0.2347296 0.2495389 0.1578573 0.08486766 0.0799957 0.0799957 0.07999569 0.0799957 0.07999569 0.0799957 0.07999569 0.0799957 0.0799957 0.0799957 0.07999569 0.0799957 0.0799957 0.0799957 0.07999569 0.07999569 0.0789239 0.02291727 0.007705988 0.007705988 0.007705987 0.007705987 0.007682119 0.005018847 0.00266373 0.00178162 0.001781619 0.00178162 0.001781619 0.00178162 0.00178162 0.00178162 0.00178162 0.00178162 0.00178162 0.001781619 0.001781619 0.00178162
0.125871 0.1568232 0.1031499 0.1029506 0.1029506 -9999 0.1029506 0.09858692 0.06262022 0.03742366 0.03276988 0.02567364 0.02431448 0.02375489 0.022208 0.02410727 0.02603703 0.02695332 0.02695361 0.0304058 0.08197511 0.09612051 0.1450661 0.1553202 0.158712 0.1591989 0.1184945 0.1059359 0.1820161 0.1665521 0.07999569 0.07999571 0.07999569 0.0799957 0.0799957 0.0799957 0.0799957 0.0799957 0.0799957 0.07999569 0.07999569 0.0799957 0.0799957 0.07999569 0.07999569 0.07999569 0.0799957 0.07999569 0.0799957 0.0799957 0.07188661 0.0289794 0.007705988 0.007705988 0.007705988 0.007155968 0.002853816 0.001781619 0.00178162 0.00178162 0.00178162 0.001781619 0.00178162 0.00178162 0.00178162 0.00178162 0.001781619 0.00178162 0.00178162 0.001781619 0.00178162
0.1690394 0.1610087 0.1223974 0.1090745 0.1105581 0.1992954 4.46698 7.524623 0.1120706 0.09700654 0.07830504 0.06467988 0.03715891 0.03054923 0.03202839 0.03102087 0.03590393 0.04196532 0.06338168 0.3228632 0.2446723 0.1608421 0.1988142 0.1353758 0.1074323 0.1054106 0.1619539 0.2902466 0.2937922 0.2629425 0.1646183 0.1698366 0.1985164 0.1911749 0.1010557 0.1322693 0.1675874 0.1214955 0.07999569 0.07999569 0.0799957 0.07999569 0.07999569 0.07999569 0.0799957 0.07999569 0.07999569 0.0799957 0.07999569 0.07999569 0.0799957 0.07626411 0.06117944 0.007723571 0.007705987 0.007705987 0.006487556 0.004978599 0.003704322 0.00183291 0.00178162 0.00178162 0.00178162 0.00178162 0.00178162 0.00178162 0.00178162 0.00178162 0.001781619 0.00178162 0.00178162
0.2633858 0.3270189 0.2455777 0.1431531 0.1239124 0.1241155 0.1337338 0.1784125 0.1741626 0.1202118 0.08838731 0.07665911 0.07000519 0.06536815 0.05056483 0.04844201 0.05033268 0.07260095 0.08107693 0.3263735 0.6788462 0.341749 0.1973949 0.07498029 0.04760345 0.04555299 0.1910408 0.2937922 0.2937922 0.2937922 0.2937922 0.2937922 0.2937922 0.2937922 0.2937922 0.2937922 0.2937922 0.2794602 0.1876822 0.1509904 0.1384519 0.09782289 0.09921023 0.08335032 0.07999569 0.0799957 0.0799957 0.0919174 0.08179481 0.07999569 0.0799957 0.0799957 0.04001971 0.007705988 0.007705988 0.007705987 0.007705988 0.007705988 0.00679351 0.002072523 0.00178162 0.00178162 0.00178162 0.001781619 0.00178162 0.00178162 0.00178162 0.00178162 0.00178162 0.00178162 0.00178162
0.4258847 0.4372846 0.192767 0.1436165 0.1428657 0.1524431 0.1560867 0.4155053 0.2717706 0.1108166 0.1056728 0.08192823 0.06885599 0.07396905 0.06997189 0.08288817 0.26739 0.1949536 0.08604162 0.08515982 0.2265594 0.2788517 0.06440192 0.02977846 0.02977846 0.02977846 0.1702955 0.2937922 0.2937922 0.2937922 0.2937922 0.2937922 0.2937922 0.2937922 0.2937922 0.2937922 0.2937922 0.2937922 0.2937922 0.2937922 0.2937922 0.2937922 0.2937922 0.2917145 0.2245232 0.1966682 0.2143134 0.2810404 0.2563528 0.2367039 0.1858352 0.09818101 0.01562372 0.007705987 0.007705988 0.007705988 0.007705987 0.005708457 0.002579857 0.00178162 0.00178162 0.00178162 0.00178162 0.00178162 0.00178162 0.001781619 0.00178162 0.00178162 0.00178162 0.00178162 0.00178162
0.2973599 4.82418 0.3075971 0.1519811 0.1552095 0.1555821 0.192311 0.2824669 0.3813149 0.3198915 0.2224022 0.1870039 0.1952594 1.197646 0.7454117 0.1412968 0.2580839 3.823403 0.1697299 0.08742441 0.0910333 0.08623666 0.08508985 0.06646927 0.06461857 0.06917476 0.09923343 0.1476501 0.1737841 0.2465454 0.2937922 0.2937922 0.2937922 0.2937922 0.2937922 0.2937922 0.2937922 0.2937922 0.2937922 0.2937922 0.2937922 0.2937922 0.2937922 0.2937922 0.2937922 0.2937922 0.2937922 0.2937922 0.2937922 0.2937922 0.2901734 0.263707 0.1175922 0.01285114 0.01240969 0.01147036 0.007771217 0.006507505 0.001869449 0.004056757 0.004203875 0.003887877 0.002091409 0.00178162 0.00178162 0.00178162 0.00178162 0.001781619 0.00178162 0.00178162 0.001781619
0.5499667 0.3983314 0.2256301 0.1950566 0.2008254 0.2193374 0.2645573 0.2602116 0.2399914 0.2708626 0.2049744 0.1602273 0.4049769 0.470629 0.2772915 0.1884498 0.1444569 0.1031901 0.09450294 0.2501284 0.275274 0.2791035 0.1358829 0.1147355 0.1169016 0.1192839 0.5419692 0.3629535 0.1694105 0.0678767 0.2541753 0.2937922 0.2937922 0.2937922 0.2937922 0.2937922 0.2937922 0.2937922 0.2937922 0.2937922 0.2937922 0.2937922 0.2937922 0.2652929 0.6626543 0.08204003 0.1010899 0.0931505 0.1188845 0.0945248 0.0320558 0.03871757 0.02110448 0.02110448 0.02110448 0.02110448 0.01989535 0.01804586 0.0162697 0.01880825 0.01944184 0.0193264 0.005512808 0.00178162 0.00178162 0.00178162 0.00540796 0.001804495 0.00178162 0.00178162 0.00178162
0.5054576 0.5236814 0.3452367 0.2944334 4.086177 1.028392 4.633589 0.7885007 0.3818628 0.2286886 0.1535501 0.1806781 0.2230766 0.2203699 0.1771939 0.2300688 0.3236885 0.1530572 0.1980591 0.2989607 0.260406 0.2972239 0.2860704 3.833588 0.5159128 0.5403803 0.3993644 1.552132 0.6195787 0.04507157 0.05372778 0.1943517 0.2730732 0.2937922 0.271008 0.1798268 0.06159481 0.07019072 0.1096245 0.2249131 0.2937553 0.2937922 0.2671337 0.115386 0.02236766 0.02283431 0.02259081 0.02104379 0.02129511 0.0244931 0.05742224 0.03520386 0.03108888 0.03150652 0.02754338 0.02322748 0.02110448 0.02110448 0.02043282 0.01949951 0.01944299 0.03403077 0.04625895 0.04153064 0.04955449 0.0578298 0.06838965 0.04625114 0.03899689 0.02355187 0.005985884
0.8150548 0.6902317 0.4358443 0.3980656 0.4616453 0.5499184 0.6761805 0.5734776 0.748771 0.4537327 0.2461907 0.4089248 0.6318783 0.2633773 0.2656304 0.7562209 6.579944 1.552688 0.4955833 1.919113 0.6125721 0.8428581 1.791703 3.285653 1.736279 0.8729949 2.27136 1.048753 0.4419631 0.2698108 0.1778196 0.1153585 0.3642742 0.2115733 0.1446894 1.747228 0.07629431 0.0917846 0.05627943 0.04143217 0.09070007 0.1604678 0.0859153 0.02074864 0.021738 0.02290534 0.02394065 0.03225638 0.1031442 0.1712442 0.1927389 0.04260349 0.03486893 0.05673796 0.04943246 0.02411083 0.02110448 0.02110448 0.02110448 1.094769 0.09300896 0.07191639 0.07321303 0.07411886 0.07411886 0.07027948 0.05981245 0.05451262 0.05219056 0.7226073 0.04555349
0.7168467 1.626614 0.9725788 0.6052203 1.027982 3.015964 7.782804 5.939361 3.355639 1.719385 0.4261966 0.4760257 0.6362512 0.7535667 0.5457966 0.7300926 0.7107918 0.3990896 0.4570861 0.9314049 1.875164 1.33015 6.797266 7.707319 1.267145 1.494771 4.451564 3.016543 2.732536 1.097844 0.8866339 0.5459659 9.930123 0.5631242 0.2910011 0.1608729 0.1517234 0.1582203 0.127214 0.1088131 0.1940682 0.2339471 0.1637418 0.0377039 0.03343373 0.03403521 0.05996976 0.0504775 0.08916067 0.1130698 0.1887571 0.2833807 0.3994558 0.1114418 0.075737 0.0500559 0.06556159 0.06570322 0.07872956 0.1443272 0.1717991 0.1085525 0.1163916 0.130367 0.1429599 0.2156995 0.1223951 0.09209095 0.04753371 0.7217938 0.1857587
0.3477557 1.106951 4.69936 3.53597 8.311825 5.68843 1.998629 6.357978 4.772433 1.673935 17.22541 4.797033 0.7595943 1.21518 11.11025 2.40742 1.675643 1.616081 1.429357 2.290448 10.96742 3.980018 1.232786 1.107621 1.163565 0.8266523 1.981745 19.53477 3.992348 1.682516 1.607412 0.5480458 1.034486 1.469732 0.5711043 0.5323635 1.364545 0.3754472 0.2287576 0.1860089 0.2329815 0.3615972 0.2446103 0.1362528 0.1332988 0.07184777 0.07496744 0.06217469 0.06900805 0.09481332 0.3541834 4.50269 5.089321 1.145929 0.546438 0.47304 0.4528474 2.171345 0.2810964 6.129042 3.876435 1.251287 1.568609 0.3490959 0.3301027 0.2253182 0.1297274 0.150054 3.890952 0.1777756 0.2233685
0.8984568 0.9718167 1.400725 7.166277 127.5842 17.18334 3.652798 1.704432 1.477803 2.951719 2.717795 1.494574 1.14752 2.152867 3.543511 5.830853 15.88537 1.970746 5.112798 8.899417 1.585328 1.949206 1.934825 1.109349 1.064877 1.205931 2.45415 3.719854 16.45016 0.7631245 0.6338307 0.7971353 4.636475 0.4482898 0.4085957 0.7862841 1.647999 0.4064703 0.5318772 0.6609992 5.553135 0.6170014 0.4477144 0.3486488 0.4604021 0.5324258 0.2269482 0.173924 0.2958169 6.833208 2.538609 1.711646 2.631407 5.940737 0.3135259 0.4032933 1.032497 0.5940587 0.255026 4.819119 0.6834998 0.6163273 0.2211773 0.2904831 0.2633773 0.1853901 0.1288699 0.1647942 0.1871784 0.1779656 0.1032053
1.120963 0.8418908 1.302286 4.844872 8.847659 3.994922 6.48144 0.9218043 1.237904 0.9265066 1.935166 1.402822 4.546791 1.477731 1.321379 9.582094 2.140287 1.466738 1.596067 3.349519 4.115924 2.498357 5.802343 11.04313 1.167871 1.536981 2.313229 1.734663 3.838555 0.5779831 0.4233837 0.5590777 0.3903254 0.3426227 0.4196377 1.319167 1.295971 0.4530784 0.7473411 0.840936 9.316559 0.8580517 0.4471721 0.3034888 0.4399706 0.3964053 0.3146755 0.3358437 0.486303 5.080739 7.26567 0.5753846 1.559148 4.183856 0.3961319 0.4837234 0.4147362 0.3915975 0.3578614 0.1799388 0.1720446 0.1585755 0.1347032 0.12916 0.1545399 0.1368406 0.1366434 0.7542337 0.2746617 0.6741036 0.07399011
1.377194 6.561838 0.951336 1.841247 1.849846 2.74365 1.53875 1.165751 1.148595 0.8944731 1.191282 3.227877 4.767698 1.867329 0.9736816 3.132035 12.71484 11.97708 1.557275 1.563187 0.9171307 1.093013 5.927177 2.345519 0.6598946 2.677636 3.477428 0.8135959 0.517383 0.8307415 3.336184 0.8752022 0.3447596 0.3225182 0.4377301 0.7541415 1.737205 0.8143728 0.2351807 0.1778175 0.256584 0.3424636 0.2466083 0.2936521 0.4244921 0.6718757 0.5295826 0.4062762 0.9365418 0.7063487 9.157694 1.149319 0.4794242 3.632777 7.586149 0.9027092 0.4676222 0.4731938 5.091148 0.2546743 0.1360302 0.1325087 0.1001656 0.07118665 0.07672435 0.1114053 0.1308555 0.1896908 0.2622551 0.8296394 1.323072
