manual/examples/resources/data/gpw/gpw_v4_basic_demographic_characteristics_rev10_a000_014ft_2010_cntm_1_deg.asc
ncols         360
nrows         145
xllcorner     -180
yllcorner     -60
cellsize      0.99999999999994
NODATA_value  -9999
[rows 32 to 63 of 145, columns 213 to 283 of 360]
10224.58 7925.76 14785.86 26264.46 10663.9 17417.13 49440.5 15637.37 32237.14 7581.954 8891.991 8464.322 6886.992 7069.142 10368.35 8081.63 10061.57 6440.247 4578.271 11640.48 6384.641 4444.813 12141.08 6612.67 2961.24 11038 2902.502 3907.837 2868.01 4730.858 10638.9 3211.642 1548.529 2458.552 2411.078 3514.901 9162.539 5374.375 1760.671 1595.516 1327.204 3110.008 3039.867 12837.27 23153.58 6072.61 4058.836 4136.362 4402.188 6110.738 3684.545 10091.9 17349.25 2442.382 1845.587 2058.54 940.0281 3439.799 3521.03 914.5941 862.6283 1635.819 890.1467 143.0009 144.2159 207.3279 151.4989 277.6613 1022.057 2390.614 33186.54
23830.08 11754.72 15197.33 39615.66 21872.43 19085.47 77840.84 9847.865 8576.864 13290.45 9837.929 5714.723 52287.37 37886.37 14054.94 7118.364 4021.386 12232.29 14100.65 7964.517 4955.567 6480.094 50396.65 4621.526 6867.38 32204.15 5102.006 3115.726 2194.394 903.9364 1248.124 788.8348 1490.542 1757.136 1647.924 3319.727 2969.277 16236.45 32074.5 5419.388 1936.008 4916.732 3751.741 3061.077 3556.34 1460.697 2358.952 2941.396 16204.39 3681.796 2037.764 2941.278 9937.622 4741.928 886.3122 594.3693 1202.548 3689.146 2298.063 2657.436 2745.354 18159.91 882.3884 431.311 402.9256 417.2141 477.9821 482.4672 709.0347 1402.367 5069.465
16059.79 34282.26 16412.7 94643.43 16382.14 14414.25 14765.92 11558.07 7333.731 7421.114 9318.039 5649.634 14900.8 4591.727 3498.003 3328.292 2725.829 4994.327 3660.308 1989.858 2361.672 2324.263 2008.475 8419.693 44279.09 2876.407 2503.417 1027.102 735.7825 535.5533 342.4834 403.3428 553.3782 1483.147 1631.455 1524.766 782.2488 7064.681 23772.83 7262.435 13369.63 21668.03 1756.862 892.8329 1179.657 2006.874 5463.839 6564.735 8910.017 8407.494 8174.036 3253.019 1308.428 1177.585 812.9351 626.928 1015.695 1487.206 2321.86 2857.65 1524.459 1445.001 1046.266 622.4712 219.3071 618.5574 785.4875 875.3192 457.9024 897.1475 1282.461
37458.09 35012.81 16616.86 72538.34 17062.07 13207.14 9425.937 8413.111 4835.145 3589.469 6389.411 4868.583 5046.983 2219.483 1591.242 1395.393 1275.712 1046.961 1313.883 1346.098 1424.365 1510.583 1853.995 2886.557 2747.841 2245.552 1425.663 541.3778 480.1798 403.6592 291.7563 318.6954 528.4313 1193.108 1277.791 481.8527 441.0274 460.0153 2003.653 15033.92 22945.63 10198.94 1174.785 1756.524 7501.897 5904.079 2036.024 1861.506 5058.96 18510.01 8278.884 3594.814 1780.017 1400.249 804.946 1310.44 2849.098 1421.802 3155.72 1123.123 706.47 865.64 1240.694 744.5891 677.4219 915.5203 1244.848 7272.76 1776.916 1060.833 646.8881
34154.71 65914.33 70546.37 18679.74 98552.64 116835.6 68820.54 22751.11 8055.743 4780.875 6586.854 103535.9 5378.989 5447.107 1290.098 1010.281 963.2571 1578.973 2309.982 1890.718 1404.041 1322.669 660.6876 1001.031 1983.764 1456.259 907.1609 497.0418 380.1459 313.9588 283.871 776.4965 1036.644 1119.869 1122.162 1081.759 808.8553 627.1651 657.2413 576.4857 564.6083 1182.254 1560.324 1563.521 2773.065 1983.805 826.0406 1217.358 1510.17 1800.773 1165.527 1130.324 1727.584 5883.943 1475.524 3222.347 6031.188 1799.712 2816.6 757.7115 419.7398 517.6273 653.5807 561.4797 857.9374 1729.881 1671.007 1628.041 1714.414 1365.225 2593.21
52503.61 33527.27 67805.95 12822.2 89227.3 44736.62 111872 46935.63 11063.99 16619.76 4351.44 2168.825 1807.236 3243.304 3473.905 3388.421 2691.134 2161.479 6963.985 17376.53 3652.379 2536.269 431.7766 342.2284 494.7115 747.7405 691.8141 795.0812 1641.143 894.6204 744.405 1085.891 1141.787 1143.954 1134.822 1131.851 780.7484 669.0232 636.3089 578.2864 732.5234 1273.799 1791.411 1785.778 1423.184 1445.354 1274.963 2037.282 1991.786 1867.309 1875.884 2023.679 4414.008 7354.147 13076.83 7122.189 2846.936 1914.169 4832.877 995.7846 557.4163 405.3665 467.43 3344.121 536.8596 670.1032 887.0803 1200.541 4755.497 2530.573 2014.698
23857.84 12574.32 16968.97 10886.84 2546.719 19325.97 21871.62 14027.53 12613.42 6528.746 3075.157 11743.06 1064.646 2051.027 19318.28 37928.31 2249.524 302.44 5657.113 8739.232 2299.051 2583.377 1763.745 759.8085 401.6516 694.0615 1140.975 1419.624 1892.274 2311.917 3122.014 1731.38 1290.84 1206.977 1170.341 1067.397 685.1906 682.3491 618.5468 585.7505 900.9954 776.947 921.803 1534.934 1788.86 2112.304 2632.929 2325.239 1858.583 10364.32 22596.06 4044.014 2596.402 1518.699 2857.777 2337.853 3921.646 5921.172 1295.942 779.129 739.9352 544.0511 1160.998 2447.59 602.699 598.4927 902.7373 5710.954 2203.149 6710.946 1725.973
29232.78 28458.01 13484.56 16669.88 23126.2 58355.72 67273.7 39534.48 44294.31 24225.37 9925.509 4440.806 1816.74 2175.512 4552.018 2153.057 0.1445188 19.98212 764.8795 319.9721 1444.876 1283.82 1697.863 2725.615 5123.49 4709.194 1911.228 1646.432 2254.836 2496.095 3698.311 2528.333 12537.16 1899.932 2026.981 1770.5 1628.235 1525.27 1199.582 795.1811 562.285 766.6019 926.2526 1736.218 2543.188 9879.732 3588.044 3040.61 5419.514 3976.987 5382.945 21038.26 6215.426 732.1511 23.51612 136.9034 298.5705 940.1418 1009.562 322.7557 333.2009 319.1571 426.929 475.0124 497.8542 620.7474 514.817 630.1793 1031.218 725.5848 864.0499
35040.61 45245.55 1656.977 -9999 31220.27 26773.79 38251.4 30687.87 49284.29 50105.64 49561.46 16209.87 7887.798 7023.929 1808.837 -9999 0.2974162 901.5069 1372.745 837.4315 748.2872 1515.796 1270.8 14354.94 14357.76 9188.969 3072.254 5042.552 3010.369 2925.752 2978.443 1890.797 24824.99 3168.319 3357.416 1855.373 1781.028 2259.863 1652.357 815.7227 1002.684 5351.751 6033.756 16686.08 10561.54 14051.73 15462.09 29870.88 21303.76 23391.15 3803.008 32276.71 33238.44 49259.32 45169.19 6493.456 9423.979 1231.953 400.9381 85.07262 156.3955 114.9029 121.3797 234.5097 114.8787 191.5907 319.7244 522.8549 512.3771 620.0673 373.7302
-9999 -9999 -9999 -9999 -9999 -9999 18318.92 22408.7 16685.54 26871.95 64748.69 94668.1 145121 114959.5 65809.31 -9999 -9999 6.66469 38310.95 2012.762 2417.55 2877.431 2447.709 14605.1 14605.1 14401.24 14480.02 14510.75 12868.56 7729.933 7426.278 7119.104 5707.768 3966.281 9700.383 45184.74 6079.796 12586.96 38211.09 11119.05 11045.06 22607.35 10463.22 149637.6 43982.28 22200.08 8946.999 15093.82 114184.1 39786.44 23149.81 2128.789 1155.874 4330.15 199234.9 5202.617 17993.5 8126.511 1717.849 7009.574 6927.155 1906.786 334.9009 193.8998 123.9794 172.6932 177.3707 217.5161 214.8199 240.9437 251.8329
82.07231 665.1494 678.0947 -9999 -9999 -9999 -9999 54.83134 26111.56 50656.92 21817.92 38159.42 29449.73 43700.42 108822 26783.28 -9999 -9999 76.06695 1551.646 3297.482 3842.929 3040.935 14844.4 13782.26 23318.74 19667.28 14862.17 14534 10423.15 10133.87 10134.54 9988.944 5116.302 6637.979 11296.98 172952.8 60237.7 46143.19 24120.14 17020.85 151113.4 32331.34 21127.45 10254.51 22891.15 10015.19 6528.269 5967.673 2431.119 984.0434 1931.675 3111.031 26095.13 2858.332 9140.171 30922.39 8137.625 -9999 1093.127 23598.15 1047.564 198.8958 41.49371 89.51096 360.9223 101.103 221.4105 270.2874 370.3352 194.3907
22374.95 25171 46268.27 93500.02 17926.59 687.8909 9772.475 10517.3 41761.6 25694.11 22164.51 143891.8 61318.94 44518.19 39230.86 73357.42 3128.222 -9999 -9999 1147.499 90.39495 5344.871 4764.341 15916.29 21700.71 29471.54 29488.22 147578.7 58560.54 25718.71 10495.95 10289.28 10284.59 13859.75 22999.98 49217.81 484160.2 181372.6 127443.3 84866.05 52526.47 9487.412 13115.55 9523.567 7390.074 7077.487 27882.85 56708.51 16429.16 79888.61 20809.4 9049.661 6546.125 47661.69 1564.652 183.5245 1569.408 -9999 -9999 -9999 7.593347 489.8622 303.8634 49.59702 10.56026 0.5452482 163.3713 310.3992 301.1008 544.0944 55.54527
35766.83 45583.68 53425.49 71817.04 72833.28 45887.35 76860.73 43900.86 34120.9 31495.52 57009.57 173014.1 53498.69 108797.4 101113.2 60786.44 215426.4 25930.08 -9999 1337.547 5266.489 6043.208 7526.395 9979.144 28287.73 27678.1 29854.36 23678.77 21312.24 86196.55 52745.65 45314.77 24507.98 124687.5 69531.8 187505.2 254666.8 297010.3 454186.5 434506.8 96786.59 15749.47 3169.344 4680.03 1623.196 5995.603 13286.29 43324.24 11241.74 2220.677 447.2379 83.6502 50.30274 445.8276 575.5283 195.9852 217.7882 -9999 -9999 -9999 138.005 9867.707 7411.885 6983.466 5119.028 6058.274 2969.102 134.2853 7.021028 44.75421 74.41437
96635.89 35013.55 44479.74 43747.46 24224.71 5125.078 24894.26 25854.6 66403.02 71809.77 111544.1 72542.41 50143.48 53512.12 72631.02 109284.5 20230.07 -9999 -9999 48.64666 3752.369 7634.811 7626.517 8485.765 14981.59 14982.42 15334.35 21158.94 22944.65 25333.37 44578.47 57437.85 167582 214223.7 146274.2 64356.53 58287.57 34602.8 23865.46 20318.28 11254.94 7422.864 103386.4 150916.6 41168.89 24053.55 8257.907 -9999 -9999 -9999 -9999 -9999 -9999 4.206794 296.9837 688.5298 181.3576 90.13067 0.1062379 137.4447 470.1045 4326.431 684.4036 644.9313 5244.713 50743.38 14424.87 15017.35 517.387 656.7139 2217.323
43982.14 84815.52 148613.2 27441.87 36290.65 97918.3 93842.77 113192.3 100992.7 67577.73 116597.2 78356.54 72718.53 143526.6 47956.6 144383.5 298.3853 -9999 -9999 -9999 934.4333 7743.866 9455.762 17746.38 19045.23 15185.5 15167.78 20474.59 27071.71 24111.98 22080.76 37000.1 89754.17 123258.8 145567.5 355159.4 135052.3 46509.41 11039.44 3147.079 549.2266 1319.788 6792.866 36923.86 146184.6 134.3556 -9999 3617.578 1793.258 46.4939 43.87672 0.4418007 4534.328 383.6991 455.5049 971.0653 78.79848 75.36835 261.0328 87.23246 13.74807 109.3122 146.476 3.732714 143.0326 319.3259 2760.83 53835.53 20732.5 45086.43 12298.94
48729.83 81293.89 101906.1 158929 247526.8 169331.3 184020.5 169717.3 210426.5 196926.8 96156.48 148469.6 81870.52 141304.8 36912.21 56750.26 176644.4 35645.46 -9999 -9999 880.5508 39578.43 63850.62 18560.52 47595.54 183968.6 16905.72 16480.86 26418.46 27535.95 24639.15 26512.98 31032.81 81862.72 126571.8 261731.3 244436.8 104886.2 20818.09 7349.98 1444.98 1825.573 3740.182 10001.99 51476.46 27837.46 124905.7 35955.74 5228.771 2115.187 581.642 574.1159 300.9758 187.0198 6.895713 0.3250262 2.156077 35.04204 246.1807 140.3819 26.01839 29.26355 247.353 521.3383 5874.055 2423.717 3140.176 5184.301 31033.63 69969.06 33862.74
31778.07 113416.5 203623.7 304383.8 726398.9 172229.6 94855.87 108772.1 107682.1 317388.3 238558.7 264766.9 91559.23 66449.45 29888.44 56073.28 81989.73 114190.4 103677.9 164595.7 99093.09 91408.91 17438.2 12142.56 30531.99 51886.63 216080.4 75667.66 23506.22 27865.13 27534.88 56805.15 100918.5 179272.6 167457.1 208829.4 192263.8 76031.86 32859.75 31509.58 19456.11 19522.26 9666.625 595.2786 363.5196 1302.293 11167.48 10003.39 27723.53 2941.384 329.1919 102.0176 3.473524 -9999 -9999 -9999 -9999 -9999 33.68046 61.90993 51.35572 17305.09 1428.105 398.106 4489.358 3224.943 3000.956 11142.5 204625.9 104272.5 180257.3
44404.26 4793.246 148690.6 482153.4 73878.43 55007.05 75202.31 64077.38 27875.33 68964.55 201515.6 254688.1 260049.4 88487.7 48499.6 50795.81 46356.33 256747.4 1342589 36715.4 13787.3 6969.001 5300.779 7480.652 18974.96 51885.27 81882.86 80239.58 31260.8 43570.74 48743.67 102628.3 62222.6 66500.04 45571.33 88450.27 182871.4 30770.06 126236.2 360409.7 81576.9 40472.59 23090.76 13183.04 2164.405 155.5361 235.2511 85.03786 411.9561 124.474 -9999 -9999 -9999 -9999 -9999 -9999 -9999 -9999 -9999 17.64022 255.7402 908.1075 128.5369 862.7792 950.2402 1050.432 5571.307 20856.04 18458.98 76995.16 211147
23568.39 247.8489 143254.2 430273.5 26559.98 5907.723 13398.69 79437.34 32964.88 35036.22 98316.8 104588.2 79159.21 90197.15 102596 140042.5 82182.04 87777.51 81541.77 10862.31 8489.136 5453.775 4368.027 3249.097 5771.337 14582.27 15898.61 26500.1 46368.62 224201.7 61005.79 26789.54 40619.17 62227.72 71118.58 167177.2 973469.8 395837.3 1125085 1058653 584245.1 538833.9 118888.7 19558.07 2076.956 1356.914 138.7424 176.0038 4.283637 -9999 -9999 -9999 -9999 -9999 -9999 -9999 -9999 -9999 -9999 223.7263 276.3668 853.7253 3644.044 1212.5 580.2172 527.9394 2506.051 7885.07 7462.792 14777.95 48038.61
-9999 -9999 576457.7 786513.4 7758.249 1462.609 2239.279 4327.165 8184.986 52266.66 186887.1 1550963 40715.23 47299.29 59349.96 104392.8 63489.47 55206.35 52271.93 5835.221 2335.042 2140.111 1974.93 1440.621 4069.398 7882.302 12160.25 12405.64 25545.5 37863.09 28587.8 41314.77 51799.05 61871.25 101365.2 225371.9 241382.2 319662.6 732228.6 843090.2 967505.4 559962 382115.9 20800.03 3375.907 2701.76 770.3712 293.8805 108.5782 12.06762 223.3782 370.0529 227.3123 275.9149 126.3538 64.84139 9.891273 53.77428 106.043 63.92323 301.5976 821.8817 6112.615 9627.739 8508.088 3109.564 4780.925 5819.483 6423.752 9089.646 8084.235
-9999 296163.5 903686.3 398041.5 6700.802 932.8459 1015.372 655.1353 650.0404 6081.501 135954.1 547627.9 184253.4 92176.59 59217.26 76236.26 41983.38 68005.36 172000.5 137629.2 12996.68 28146.86 3771.592 1905.021 1572.439 12441.95 9195.478 8132.792 22505.55 48883.98 14775.38 44806.6 69500.02 47008.44 66755.35 38274.63 116847.2 397885.3 413060.9 599498.9 993341.3 1774400 558477.3 149050.6 20144.48 2283.472 1332.484 919.271 687.0181 489.119 952.8964 731.6843 464.3397 296.4998 821.0627 642.186 333.564 858.2748 2999.435 3179.784 4888.411 2078.517 8127.392 13447.24 6522.126 7980.671 6123.853 8811.606 8891.24 5938.167 10047.96
29505.53 628908 762263.6 94635.87 13020.36 4335.834 4466.248 6167.86 1935.579 657.4729 37094.38 174116.5 281976 242789.9 141414.8 152036 78034.18 58372.34 39058.13 80200.75 14983.35 49136.28 10635.14 5632.344 6113.799 13828.27 3551.537 8351.199 24676.15 8552.471 32074.46 83040.99 177584.8 36854.96 42229.65 16639.58 55952.47 263292.8 326561.2 926612.3 1791230 2301740 804240.7 444686.1 158250.8 20166.49 4322.676 435.5771 516.8983 559.8403 871.8748 713.4815 1117.726 853.2426 989.8961 1162.236 1800.078 2473.396 7549.436 11030.15 9825.424 8644.351 9816.269 12402.55 11082.02 12655.39 8414.781 12131.34 6144.665 12206.51 50281.17
8172.145 8928.546 43515.21 858.0352 5595.671 10309.64 6553.093 7703.319 7807.693 9425.689 46376.47 11503.2 22155.96 100516.7 390974.3 103923.6 52490.41 48512.85 41386.26 38075.04 14825.11 6690.179 25052.56 29832.05 15897.54 19309.49 15831.85 22640.6 24966.33 8658.005 7246.522 13536.88 12759.7 182326.4 106398.8 45607.44 54369.05 398752.4 1186838 1168620 1116644 607630.2 654285.3 897540.4 612818.2 348757.4 88932.48 16548.9 2083.773 665.8726 1334.993 425.8019 643.7818 990.3769 1323.773 1438.832 1650.545 3877.168 8623.458 4532.182 3205.08 3666.448 6101.712 5829.056 7192.277 8264.741 3961.108 10001.74 11903.44 33925.35 373369.3
3225.34 3439.37 27559.13 8643.366 13179.04 5164.482 2886.123 5427.992 7629.072 4594.748 5702.05 1203.245 586.4436 23620.15 142369.5 115666.3 0.08522944 29697.05 66636.74 204590.8 43057.96 13038.97 21746.32 17992.88 24931.35 27830.92 21677.87 22787.07 6562.052 2752.522 6267.164 6719.796 20088.38 67986.66 52113.27 29285.89 44120.61 674955.9 1027395 557817.5 386824.9 316781.6 482194.2 767387.1 1668378 1071040 399273.1 243794.9 178260 28485.72 2041.598 1496.159 1588.947 2833.792 8966.194 16551.52 19490.26 14414.7 37806.78 5953.98 3090.49 6125.475 3010.32 2163.12 5011.258 7327.306 6095.807 6784.863 5942.973 75079.45 211436.3
5337.373 6401.424 12372.02 15283.71 10642.54 7012.472 5377.358 8739.533 9120.088 3580.056 2727.632 5733.338 8097.63 9642.52 36251.04 25191.09 -9999 5522.253 24978.16 23478.44 36869.82 28098.15 19217.59 13432.39 31819.71 24185.41 14867.89 15007.79 12571.98 4520.672 5294.262 13636.96 17565.39 44030.03 87696.66 368273.6 380911.8 664702.5 60021.82 75326.03 168977 222266 432894 1003522 3930052 1806141 1657697 647930.5 491105.8 266714.5 219602.2 121875.6 17422.75 4082.492 7926.865 4826.474 9411.072 4744.194 4497.946 5632.06 7541.645 23320.95 20149.12 7161.465 1976.823 4139.119 8083.296 6523.935 17435.79 166728.6 144540.3
18075.32 977.2711 3146.931 10390.97 7757.009 1583.859 2732.714 9829.608 9879.661 3925.215 8886.358 12426.68 9399.51 7785.213 4079.766 5663.543 9044.256 0.3080596 2277.785 28659.49 24090.14 18870.05 31591.4 52916.5 34946.13 13233.69 8884.339 13755.29 12705.21 15538.01 9730.178 10543.31 11735.61 28925.91 339856.1 943248.3 225776.7 59229.21 57853.57 109252.4 268209.9 369414.9 638412.8 771584.3 1383281 1797647 1410561 1426351 1378063 1190461 1167616 686993.4 624000 185662.4 132155.7 190860.5 37176.16 13793.08 31559.14 24388.27 99442.09 311147.3 402218.8 30988.94 10625.92 11291.35 29892.35 32987.77 54168.75 175284.4 280039.2
8827.52 1339.191 16.58261 4104.072 3901.677 3346.77 4033.308 7503.344 6271 12378.94 29421.95 22591.41 7406.312 4066.315 1500.464 4189.288 193659.7 188821.1 528.9545 -9999 3172.759 8196.929 12740.34 6804.845 22590.02 7101.617 12469.3 14901.74 19286.4 29001.03 36630.11 29845.81 12873.51 24463.7 261034.4 546048.8 61477.96 34340.35 73863.98 282292 390678.5 447861.1 778923.5 567665.8 652690.6 782074.9 911568.8 1776253 1558496 1788498 2204544 2634766 2849646 1689201 1317354 1187135 912117.1 737926.4 844041.9 928001.4 344423.3 383685.9 60250.55 9034.39 10028.74 17392.57 58100.02 98873.94 106325.2 115709.1 180171.2
5967.427 1824.468 -9999 854.2866 8013.59 18187.94 8324.076 8887.378 11953.87 23622.24 37567.75 22018.55 58202.87 34238.78 13109.96 3900.335 5985.518 7113.394 111766.4 12.80925 -9999 164.6059 159024 41709.72 1250.741 2822.474 6402.919 13898.33 33015.7 24780.28 23716.5 13626.83 11406.49 62120.52 414272.2 898877.9 368233.4 158116.1 237775.8 292327.8 316780.8 418379.9 375394.3 331883.9 279724.4 527244.7 490291.2 729754.1 1572610 2219759 1959932 2280816 3182241 2496241 2171141 1518628 1850799 565747.4 575621 338668 227983.9 156624.7 28388.37 55175.04 59398.78 76536.05 106893 203268.6 120625.8 257701.8 235339.3
44650.95 253.5899 127.5255 -9999 9699.331 28858.54 65785.64 31633.4 3949.179 8152.029 11569.55 12834 161608.9 237462.3 192641 5613.089 3919.6 3594.174 6651.638 2669.497 3743.813 15556.41 137415.3 49721.38 222.7647 -9999 -9999 -9999 -9999 -9999 -9999 -9999 -9999 269190.5 1515538 288070.7 173500.7 94516.48 305533.5 503118 463730.7 437067.7 346380.1 364237.6 363396.6 440457.8 338012.4 432355.8 584385.7 524516.6 707564.5 1255757 1326557 1152890 1175501 1855754 1997725 2420241 1659639 889350 312719.8 92596.63 58263.14 69800.52 82833.33 126752.7 135009.5 105620.4 61044.45 265618.3 205421.5
1183.599 374.5889 849.9357 -9999 -9999 5842.808 47606.03 6029.629 19193.79 9346.807 4840.002 4915.41 4196.709 9509.677 18568.86 9218.737 3950.177 3950.177 7705.794 28343.57 28601.24 28601.24 13754.8 22458.65 70341.52 85600.77 398.0894 -9999 -9999 -9999 -9999 -9999 -9999 -9999 6776.856 31650.24 67108.65 134688.4 180244.9 970587.9 618243.6 714492.7 527484.8 450926.8 625267.6 395087.8 413779.6 445421.2 284014.6 277698.4 292733.4 495514.7 909244.1 1429152 1017591 1689116 1745192 4199088 1480081 147002.2 55876.23 76761.8 100478.3 58405.67 81203.15 97433.53 92990.2 62801.12 61321.58 157522.2 162701.2
11.51428 77.43243 1386.943 651.0921 -9999 1878.146 99034.59 21241.9 34366.21 15789.34 4021.139 3827.199 3080.657 2059.366 2007.697 3696.928 3979.552 3979.552 3979.552 6024.912 10178.5 14337.31 6932.708 6939.111 20879.25 14493.7 17779.79 -9999 -9999 -9999 -9999 -9999 -9999 -9999 -9999 3773.549 171287.3 385897.3 345853.4 849041.7 941728 698170.3 645787.7 462226.2 288261.3 325147.8 329915.5 214297.6 308590 466337.3 271697.9 391533.3 433726.9 700812.9 1295446 3332188 1033547 1553769 1587049 352813.2 33571.65 100816.1 246609.1 175605.9 70279.17 66797.91 80431.66 62828.92 31963.5 51849.95 127450.6
4708.425 3699.82 3695.986 3507.53 202.9016 6299.762 397300.4 84700.74 15355.64 3494.876 3246.904 3419.453 1800.597 1682.104 1805.776 3960.867 4007.714 4007.714 4007.714 4007.714 4007.714 4007.714 3605.195 2351.813 1377.502 7420.497 6408.906 -9999 -9999 -9999 -9999 -9999 -9999 -9999 -9999 -9999 104188 366788.1 375099.3 796674.8 464089.8 502799 542726.4 392275.7 302924.9 410416.4 500228.1 373266.2 831210.8 527456.8 416878.9 215194.6 290582.1 577821.5 464418.5 240926 52479.41 82702.06 183234.3 401945.7 24699.92 144002.8 278060.2 321394.8 54493.73 32544.78 47283.53 53268.35 47465.96 34655.66 145075
