manual/examples/resources/data/gpw/gpw_v4_basic_demographic_characteristics_rev10_a000_014ft_2010_dens_1_deg.asc
ncols         360
nrows         145
xllcorner     -180
yllcorner     -60
cellsize      0.99999999999994
NODATA_value  -9999
[rows 0 to 31 of 145, columns 213 to 283 of 360]
-9999 -9999 -9999 -9999 -9999 -9999 -9999 -9999 -9999 -9999 -9999 -9999 -9999 -9999 -9999 -9999 -9999 -9999 -9999 -9999 -9999 -9999 -9999 -9999 -9999 -9999 -9999 -9999 -9999 -9999 -9999 -9999 -9999 -9999 -9999 -9999 -9999 -9999 -9999 -9999 -9999 -9999 -9999 -9999 -9999 -9999 -9999 -9999 -9999 -9999 -9999 -9999 -9999 -9999 -9999 -9999 -9999 -9999 -9999 -9999 -9999 -9999 -9999 -9999 -9999 -9999 -9999 -9999 -9999 -9999 -9999
-9999 -9999 -9999 -9999 -9999 -9999 -9999 -9999 -9999 -9999 -9999 -9999 -9999 -9999 -9999 -9999 -9999 -9999 -9999 -9999 -9999 -9999 -9999 -9999 -9999 -9999 -9999 -9999 -9999 -9999 -9999 -9999 -9999 -9999 -9999 -9999 -9999 -9999 -9999 -9999 -9999 -9999 -9999 -9999 -9999 -9999 -9999 -9999 -9999 -9999 -9999 -9999 -9999 -9999 -9999 -9999 -9999 -9999 -9999 -9999 -9999 -9999 -9999 -9999 -9999 -9999 -9999 -9999 -9999 -9999 -9999
-9999 -9999 -9999 -9999 -9999 -9999 -9999 -9999 -9999 -9999 -9999 -9999 -9999 -9999 -9999 -9999 -9999 -9999 -9999 -9999 -9999 -9999 -9999 -9999 -9999 -9999 -9999 -9999 -9999 -9999 -9999 -9999 -9999 -9999 -9999 -9999 -9999 -9999 -9999 -9999 -9999 -9999 -9999 -9999 -9999 -9999 -9999 -9999 -9999 -9999 -9999 -9999 -9999 -9999 -9999 -9999 -9999 -9999 -9999 -9999 -9999 -9999 -9999 -9999 -9999 -9999 -9999 -9999 -9999 -9999 -9999
-9999 -9999 -9999 -9999 -9999 -9999 -9999 -9999 -9999 -9999 -9999 -9999 -9999 -9999 -9999 -9999 -9999 0.003069156 0.003069157 -9999 -9999 0.003069156 0.003069157 0.003069156 0.003069157 0.003069156 0.003069156 0.003069157 0.003069156 0.003069157 0.003069157 0.003069157 0.003069157 -9999 -9999 -9999 -9999 -9999 -9999 -9999 -9999 -9999 -9999 -9999 -9999 -9999 -9999 -9999 -9999 -9999 -9999 -9999 -9999 -9999 -9999 -9999 -9999 0.003507958 0.003507958 -9999 0.003507958 0.003507958 0.003507958 0.003507958 -9999 -9999 -9999 -9999 -9999 -9999 -9999
-9999 -9999 -9999 0.008004264 -9999 -9999 -9999 -9999 -9999 -9999 -9999 0.003069157 0.003069157 0.003069157 0.003069157 0.003069156 0.003069157 0.003069157 0.003069157 0.003069157 0.003069157 0.003069157 0.003069157 0.003069157 0.003069157 0.003069157 0.003069157 0.003069157 0.003069157 0.003069157 0.003069157 0.003069157 0.003069157 -9999 -9999 -9999 -9999 -9999 -9999 -9999 -9999 -9999 -9999 -9999 -9999 0.003507958 0.003507958 -9999 -9999 -9999 -9999 -9999 -9999 -9999 -9999 -9999 -9999 0.003507958 0.003507958 0.003507958 0.003507958 0.003507958 0.003507958 0.003507958 0.003507958 0.003507958 0.003507958 -9999 -9999 -9999 -9999
-9999 -9999 -9999 -9999 -9999 -9999 -9999 -9999 -9999 -9999 -9999 -9999 -9999 -9999 -9999 -9999 -9999 0.003069156 0.003069157 -9999 -9999 -9999 -9999 -9999 -9999 0.003069157 0.003069157 0.003069157 -9999 -9999 -9999 -9999 -9999 -9999 -9999 -9999 -9999 -9999 -9999 -9999 -9999 -9999 -9999 0.003507958 0.003507958 -9999 -9999 -9999 -9999 -9999 -9999 -9999 -9999 -9999 -9999 -9999 -9999 0.003507958 0.003507958 0.003507958 0.003507958 0.003507958 0.003507958 0.003507958 0.003507958 0.003507958 0.003507958 0.003507958 0.003507958 0.003507958 0.003507958
-9999 -9999 -9999 -9999 -9999 -9999 -9999 -9999 -9999 -9999 -9999 -9999 -9999 -9999 -9999 -9999 -9999 -9999 -9999 -9999 -9999 -9999 -9999 -9999 -9999 -9999 -9999 -9999 -9999 -9999 -9999 -9999 -9999 -9999 -9999 -9999 -9999 -9999 -9999 -9999 -9999 -9999 -9999 -9999 -9999 -9999 -9999 -9999 -9999 -9999 -9999 -9999 -9999 -9999 -9999 -9999 -9999 -9999 -9999 -9999 0.003507958 -9999 0.003507958 0.003507958 0.003507958 0.003507958 0.003507958 0.003507958 0.003507958 0.003507958 0.003507958
-9999 -9999 -9999 -9999 -9999 -9999 -9999 -9999 -9999 -9999 -9999 -9999 -9999 -9999 -9999 -9999 -9999 -9999 -9999 -9999 -9999 -9999 -9999 -9999 -9999 -9999 -9999 -9999 -9999 -9999 -9999 -9999 -9999 -9999 0.003069156 -9999 -9999 -9999 -9999 -9999 -9999 -9999 -9999 -9999 -9999 -9999 -9999 -9999 -9999 0.003507958 -9999 -9999 -9999 -9999 -9999 0.003507958 0.003507958 0.003507958 0.003507958 0.003507958 -9999 -9999 0.003507958 0.003507958 -9999 -9999 0.003507958 0.003507958 0.003507958 0.003507958 0.003507958
-9999 -9999 -9999 -9999 -9999 -9999 -9999 -9999 -9999 -9999 -9999 -9999 -9999 -9999 -9999 -9999 -9999 -9999 -9999 -9999 -9999 -9999 -9999 -9999 -9999 0.003069156 0.003069157 0.003069157 0.003069157 0.003069157 0.003069156 0.003069157 0.003069157 0.003069157 0.003069157 0.003069157 0.003069157 -9999 -9999 -9999 -9999 -9999 -9999 -9999 -9999 -9999 -9999 -9999 -9999 -9999 -9999 -9999 -9999 -9999 -9999 0.003507958 0.003507958 -9999 0.003507958 0.003507958 0.003507958 0.003507958 0.003507958 0.003507958 0.003507958 0.003507958 0.003507958 0.003507958 0.003507958 0.003507958 0.003507958
-9999 -9999 -9999 -9999 -9999 -9999 -9999 -9999 -9999 -9999 -9999 -9999 -9999 -9999 -9999 -9999 -9999 -9999 -9999 -9999 -9999 -9999 0.003069157 0.003069157 0.003069157 0.003069157 0.003069157 0.003069157 0.003069157 0.003069157 0.003069157 0.003069157 0.003069157 0.003069157 -9999 -9999 -9999 -9999 -9999 -9999 -9999 -9999 -9999 -9999 -9999 -9999 -9999 -9999 0.003507958 0.003507958 0.003507958 -9999 -9999 0.003507958 0.003507958 0.003507958 0.003507958 0.003507958 0.003507958 0.003507958 0.003507958 0.003507958 0.003507958 0.003507958 0.003507958 0.003507958 0.003507958 0.003507958 0.003507958 0.003507958 0.003507958
-9999 -9999 -9999 -9999 -9999 -9999 -9999 -9999 -9999 -9999 -9999 -9999 -9999 -9999 -9999 -9999 -9999 -9999 -9999 -9999 -9999 0.003069157 0.003069156 0.003069157 0.003069157 0.003069157 0.003069157 0.003069157 -9999 -9999 -9999 -9999 -9999 -9999 -9999 -9999 -9999 -9999 -9999 -9999 -9999 -9999 -9999 -9999 -9999 -9999 0.003507958 -9999 -9999 0.003507958 0.003507958 0.003507958 0.003507958 0.003507958 0.003507958 0.003507958 0.003507958 0.003507958 0.003507958 0.003507958 0.003507958 0.003507958 0.003507958 0.003507958 0.003507958 0.003507958 0.003507958 0.003507958 0.003507958 0.003507958 0.003507958
-9999 -9999 -9999 -9999 -9999 -9999 -9999 -9999 -9999 -9999 -9999 -9999 -9999 -9999 -9999 -9999 -9999 -9999 -9999 -9999 0.003069157 0.003069157 0.003069157 0.003069157 0.003069157 0.003069157 -9999 -9999 -9999 -9999 -9999 -9999 -9999 -9999 -9999 -9999 0.0761105 0.0761105 0.07611049 -9999 -9999 0.0761105 0.07611049 0.07611049 -9999 0.003507958 0.003507958 0.003507958 0.003507958 0.003507958 0.003507958 0.003507958 0.003507958 0.003507958 0.003507958 0.003507958 0.003507958 0.003507958 0.003507958 0.003507958 0.003507958 0.003507958 0.003507958 0.003507958 0.003507958 0.003507958 0.003507958 0.003507958 0.003507958 0.003507958 0.003507958
-9999 -9999 -9999 -9999 -9999 -9999 -9999 -9999 -9999 -9999 -9999 -9999 -9999 -9999 -9999 -9999 -9999 -9999 0.003069157 0.003069157 0.003069157 0.003069157 0.003069157 0.003069157 -9999 -9999 -9999 -9999 -9999 -9999 -9999 -9999 -9999 -9999 -9999 0.0761105 0.0761105 0.0761105 0.0761105 0.07611049 -9999 0.07611049 0.0761105 0.07611049 0.0761105 0.04961389 0.009722604 0.003507958 0.003507958 0.003507958 0.003507958 0.003507958 0.003507958 0.003507958 0.003507958 0.003507958 0.003507958 0.003507958 0.003507958 0.003507958 0.003507958 0.003507958 0.003507958 0.003507958 0.003507958 0.003507958 0.003507958 0.003507958 0.003507958 0.003507958 0.003507958
-9999 -9999 -9999 -9999 -9999 -9999 -9999 -9999 -9999 -9999 -9999 -9999 -9999 -9999 -9999 -9999 -9999 -9999 0.003069157 0.003069157 0.003069157 0.003069157 0.003069157 0.003069157 -9999 -9999 -9999 -9999 -9999 -9999 -9999 -9999 -9999 0.0761105 0.0761105 0.07611049 0.07611049 0.0761105 0.0761105 0.0761105 0.0761105 0.0761105 0.0761105 0.07611049 0.0761105 0.07611049 0.05459202 0.01001083 0.003507958 0.003507958 0.003507958 0.003507958 0.003507958 0.003507958 0.003507958 0.003507958 0.003507958 0.003507958 0.003507958 0.003507958 0.003507958 0.003507958 0.003507958 0.003507958 0.003507958 0.003507958 0.003507958 0.003507958 0.003507958 0.003507958 0.003507958
-9999 -9999 -9999 -9999 -9999 -9999 -9999 -9999 -9999 -9999 -9999 -9999 -9999 -9999 -9999 -9999 -9999 -9999 -9999 0.003069157 0.003069157 0.003069157 0.003069157 0.003069156 0.003069157 0.009496102 0.009496101 0.009496103 -9999 -9999 -9999 -9999 -9999 0.0761105 0.0761105 0.07611049 0.07611049 0.0761105 0.07611049 0.07611049 0.0761105 0.0761105 0.0761105 0.07611049 0.07611049 0.07611049 0.06504061 0.03229555 0.003507958 0.003507958 0.003507958 0.003507958 0.003507958 0.003507958 0.003507958 0.003507958 0.003507958 0.003507958 0.003507958 0.003507958 0.003507958 0.003507958 0.003507958 0.003507958 0.003507958 0.003507958 0.003507958 0.003507958 0.003507958 0.003507958 0.003507958
6.210388 0.1240909 0.1240909 0.1149325 -9999 -9999 -9999 -9999 -9999 -9999 -9999 -9999 -9999 -9999 -9999 0.009496102 0.009496102 0.009496102 -9999 -9999 -9999 -9999 -9999 -9999 -9999 0.009496102 0.009496102 0.009496102 0.009496103 0.009496102 0.009496102 0.01860822 0.07497364 0.07611049 0.0761105 0.0761105 0.0761105 0.07611049 0.0761105 0.0761105 0.0761105 0.0761105 0.0761105 0.0761105 0.0761105 0.07587089 0.04591939 0.02626104 0.02499151 0.008842178 0.003507958 0.003507958 0.003507958 0.003507958 1.800109 1.759493 0.003507958 0.003507958 0.003507958 0.003507958 0.003507958 0.00348358 0.002987544 0.002603236 0.002250816 0.00209869 0.001949992 0.002231254 0.002406654 0.002728321 0.002865246
4.935324 0.05275476 0.04393934 0.02172047 0.01712793 0.01839457 0.1838562 -9999 -9999 -9999 0.009496102 0.009496102 0.009496103 0.009496101 -9999 0.009496102 0.009496102 0.009496102 0.009496102 0.009496102 0.009496102 0.009496101 0.009496103 0.009496102 0.009496101 0.009496102 0.009496103 0.009496102 0.009496102 0.009496102 0.01135043 0.1009535 0.1033305 0.07611049 0.0761105 0.07611049 0.0761105 0.07611049 0.07611049 0.0761105 0.07611049 0.0761105 0.07611049 0.0761105 0.07611049 0.0761105 0.07611049 0.0761105 0.0761105 0.04799771 0.003763027 0.003507958 0.003592873 0.003714816 0.1024923 0.003507958 0.003507958 0.003507958 0.003507958 0.00331362 0.002726373 0.002156061 0.001692205 0.001692205 0.001692205 0.001692205 0.001692205 0.001692205 0.001692205 0.001692205 0.001692205
1.303228 0.3343889 0.01846105 0.01712793 0.01712793 0.01712793 0.02799763 0.02510181 0.02130127 -9999 0.009496102 0.009496102 0.009496103 0.009496102 0.009496103 0.009496102 0.009496102 0.009496102 0.009507415 0.06697723 0.3540078 0.009542315 0.009543574 0.009546068 0.009548232 0.009548905 0.009536086 0.009547018 0.02300256 0.1246078 0.2811303 0.3649876 0.2754845 0.08987334 0.0761105 0.0761105 0.07611049 0.0761105 0.07611049 0.0761105 0.0761105 0.0761105 0.0761105 0.0761105 0.0761105 0.0761105 0.0761105 0.0761105 0.0736336 0.02360257 0.006682163 0.005015204 0.006557478 0.006889072 0.005500724 0.005002968 0.005101796 0.004905803 0.002690207 0.001725847 0.001692205 0.001692205 0.001692205 0.001692205 0.001692205 0.001692205 0.001692205 0.001692205 0.001692205 0.001692205 0.001692205
0.06175851 0.03237434 0.02517056 0.02457026 0.02371624 0.02201 0.02163367 0.01797289 0.02187793 0.0237855 0.0237855 0.01547973 0.0115422 0.009848427 0.0095234 0.0111478 0.01360559 0.01798631 0.02314362 0.02592974 0.04984792 0.1249131 0.1290914 0.1290914 0.1290914 0.1236426 0.09468994 0.09465561 0.0963354 0.2257998 0.2396963 0.1512345 0.08081117 0.0761105 0.0761105 0.0761105 0.0761105 0.0761105 0.07611049 0.07611049 0.0761105 0.0761105 0.0761105 0.07611049 0.0761105 0.0761105 0.07611049 0.07611049 0.07611049 0.07509057 0.02179438 0.007319246 0.007319247 0.007319246 0.007319246 0.007296575 0.004766966 0.002530046 0.001692205 0.001692205 0.001692205 0.001692205 0.001692205 0.001692205 0.001692205 0.001692205 0.001692205 0.001692205 0.001692205 0.001692205 0.001692205
0.1196603 0.1490852 0.09827396 0.09808505 0.09808505 -9999 0.09808506 0.09392763 0.05966073 0.03565499 0.03122115 0.02446028 0.02316536 0.02263222 0.02115843 0.02296794 0.02499649 0.02592944 0.02592974 0.02925078 0.07886115 0.09246922 0.1395556 0.1494201 0.1526831 0.1531515 0.1139933 0.1018183 0.1737738 0.1586313 0.0761105 0.0761105 0.07611049 0.0761105 0.0761105 0.0761105 0.07611049 0.0761105 0.0761105 0.07611049 0.0761105 0.0761105 0.07611049 0.0761105 0.07611049 0.07611049 0.0761105 0.0761105 0.07611049 0.0761105 0.06839385 0.02756313 0.007319246 0.007319247 0.007319247 0.006796831 0.002710591 0.001692205 0.001692205 0.001692205 0.001692205 0.001692205 0.001692205 0.001692205 0.001692205 0.001692205 0.001692205 0.001692205 0.001692205 0.001692205 0.001692205
0.1606986 0.1530642 0.116361 0.1038599 0.105333 0.1898765 4.255867 7.169003 0.1067741 0.09242193 0.07460428 0.06162306 0.03545678 0.02923839 0.03067379 0.02969608 0.03443468 0.04033941 0.06097402 0.3105987 0.2353781 0.1547322 0.191262 0.1302333 0.1033513 0.1014064 0.154827 0.2761713 0.2795234 0.250172 0.1566232 0.161588 0.188875 0.18189 0.09614765 0.1258453 0.1594481 0.1155948 0.0761105 0.0761105 0.0761105 0.07611049 0.07611049 0.07611049 0.0761105 0.0761105 0.07611049 0.0761105 0.07611049 0.0761105 0.0761105 0.0725595 0.05820484 0.007335979 0.007319247 0.007319247 0.006161964 0.004728738 0.003518413 0.001740922 0.001692205 0.001692205 0.001692205 0.001692205 0.001692205 0.001692205 0.001692205 0.001692205 0.001692205 0.001692205 0.001692205
0.2503898 0.3108831 0.2334624 0.1362607 0.1180562 0.1182497 0.1274135 0.1699806 0.1659315 0.1145305 0.08421005 0.07303615 0.06669916 0.06235421 0.04857387 0.04660186 0.04842072 0.06984309 0.0779971 0.3139757 0.6530592 0.3287671 0.1898966 0.07213205 0.04579516 0.04382259 0.1820062 0.2795234 0.2795234 0.2795234 0.2795234 0.2795234 0.2795234 0.2795234 0.2795234 0.2795234 0.2795234 0.2658875 0.1785669 0.1436571 0.1317276 0.09307186 0.09439183 0.07930221 0.0761105 0.0761105 0.0761105 0.08745319 0.07782222 0.0761105 0.0761105 0.0761105 0.03806915 0.007319247 0.007319247 0.007319246 0.007319247 0.007319247 0.006452563 0.001968509 0.001692205 0.001692205 0.001692205 0.001692205 0.001692205 0.001692205 0.001692205 0.001692205 0.001692205 0.001692205 0.001692205
0.4048707 0.4157081 0.1832555 0.1365726 0.1359921 0.1452385 0.1487099 0.3958682 0.2589265 0.1055793 0.1006786 0.07805624 0.0656018 0.07047322 0.06691398 0.07913595 0.2568806 0.187548 0.08277319 0.08192489 0.2179532 0.2682591 0.06195551 0.02864728 0.02864728 0.02864728 0.162172 0.2795234 0.2795234 0.2795234 0.2795234 0.2795234 0.2795234 0.2795234 0.2795234 0.2795234 0.2795234 0.2795234 0.2795234 0.2795234 0.2795234 0.2795234 0.2795234 0.2775466 0.2136186 0.1871165 0.2039047 0.2673909 0.2439024 0.2252077 0.1768096 0.09340995 0.0148538 0.007319247 0.007319247 0.007319247 0.007319247 0.005421967 0.002450382 0.001692205 0.001692205 0.001692205 0.001692205 0.001692205 0.001692205 0.001692205 0.001692205 0.001692205 0.001692205 0.001692205 0.001692205
0.2827927 4.586511 0.2929677 0.1445317 0.1476431 0.1482216 0.1832223 0.2691173 0.3632936 0.3047732 0.2118884 0.1781633 0.1859596 1.141042 0.7101632 0.1346757 0.2479811 3.678165 0.1632825 0.08407346 0.08752093 0.08296082 0.08176359 0.06363863 0.06176769 0.06611416 0.09461975 0.140588 0.1654197 0.2345942 0.2795234 0.2795234 0.2795234 0.2795234 0.2795234 0.2795234 0.2795234 0.2795234 0.2795234 0.2795234 0.2795234 0.2795234 0.2795234 0.2795234 0.2795234 0.2795234 0.2795234 0.2795234 0.2795234 0.2795234 0.2760802 0.2508977 0.1118672 0.01220618 0.01178688 0.01089469 0.007381202 0.006180912 0.001775627 0.00385316 0.003992895 0.003692756 0.001986447 0.001692205 0.001692205 0.001692205 0.001692205 0.001692205 0.001692205 0.001692205 0.001692205
0.5250316 0.380373 0.2150058 0.1855657 0.1910537 0.2087034 0.251792 0.247649 0.2284046 0.2577917 0.1950479 0.1524484 0.3852803 0.4476978 0.2635409 0.1798535 0.1389695 0.09927028 0.09063116 0.2385505 0.2625867 0.2663418 0.1296429 0.1094652 0.1115318 0.1138047 0.5165751 0.3459243 0.161462 0.06465472 0.241837 0.2795234 0.2795234 0.2795234 0.2795234 0.2795234 0.2795234 0.2795234 0.2795234 0.2795234 0.2795234 0.2795234 0.2795234 0.2524058 0.629892 0.07803724 0.09616356 0.08860935 0.1130976 0.08991947 0.0304799 0.0368125 0.02004531 0.02004531 0.02004531 0.0200453 0.01889686 0.01714019 0.01545317 0.01786432 0.01846611 0.01835647 0.005236137 0.001692205 0.001692205 0.001692205 0.005136551 0.001713932 0.001692205 0.001692205 0.001692205
0.481337 0.4989193 0.3289809 0.2801071 3.887354 0.9783535 4.408131 0.7501344 0.3634325 0.2184747 0.1466736 0.1721875 0.212705 0.211123 0.1688073 0.2188784 0.3084979 0.1455943 0.1882346 0.2841161 0.2480216 0.2835711 0.2729299 3.657495 0.4922146 0.515428 0.3806352 1.479308 0.5905091 0.04295688 0.05115173 0.1849276 0.2598138 0.2795234 0.2578458 0.171093 0.0586033 0.06678172 0.1043003 0.2139896 0.2794883 0.2795234 0.2541577 0.1097685 0.02125993 0.02170346 0.02147202 0.02000162 0.02024049 0.0232801 0.05457846 0.03345991 0.02954787 0.02994535 0.02617347 0.02206585 0.02004531 0.02004531 0.01940735 0.01852088 0.0184672 0.03232287 0.04393736 0.03944634 0.0470675 0.05492749 0.06495738 0.04392993 0.03703975 0.02236267 0.005680104
0.7592575 0.6441007 0.4086038 0.3768107 0.4376765 0.521773 0.6410422 0.5451995 0.7211683 0.4374582 0.2373603 0.3941695 0.6089219 0.2524164 0.2526875 0.7186716 6.253224 1.475591 0.471147 1.827462 0.5835186 0.8041387 1.709402 3.134729 1.656524 0.8324795 2.16485 0.9995475 0.4212269 0.2571517 0.1694766 0.109946 0.3470881 0.2013181 0.1376622 1.66237 0.07258888 0.08723319 0.05345477 0.03940852 0.08622497 0.1524342 0.08162887 0.01972108 0.02066145 0.02177097 0.02275502 0.03065891 0.09803608 0.1627636 0.1831937 0.04049359 0.03314208 0.05392807 0.04698421 0.02290539 0.02004531 0.02004531 0.02004531 1.039826 0.08834111 0.06830712 0.06953868 0.07039906 0.07039905 0.06675236 0.05680611 0.05177571 0.04955512 0.6854679 0.04321142
0.6754751 1.538353 0.919806 0.5723806 0.9724656 2.857565 7.374596 5.69924 3.218258 1.645138 0.4062473 0.451881 0.601962 0.713118 0.5180066 0.6948377 0.6764204 0.3792733 0.4350465 0.8872633 1.786295 1.268088 6.485038 7.353288 1.208931 1.425089 4.242703 2.875011 2.60433 1.046335 0.8450344 0.520207 9.44799 0.5357754 0.2768679 0.1530596 0.1443546 0.1503471 0.1206264 0.1031117 0.1838996 0.221689 0.1551754 0.03576783 0.03173101 0.03232297 0.0569993 0.04797765 0.08474509 0.1074701 0.1794091 0.2693465 0.3796732 0.1059227 0.07198621 0.04756997 0.06227539 0.06240577 0.07477836 0.1370839 0.163177 0.1031046 0.1105502 0.1238242 0.1356873 0.2046285 0.1161105 0.08737803 0.04509036 0.6846823 0.1762078
0.3288932 1.046898 4.444337 3.343921 7.864811 5.386184 1.898983 6.052176 4.549332 1.590188 16.29616 4.538132 0.7190968 1.162155 10.64024 2.300123 1.593923 1.532349 1.359147 2.180423 10.4469 3.8157 1.181335 1.058768 1.110465 0.7891588 1.888901 18.61757 3.804826 1.605317 1.538992 0.5243291 0.9850439 1.39842 0.5433672 0.5065078 1.298272 0.3571465 0.2170211 0.1762626 0.2207739 0.3426506 0.2317887 0.1290661 0.1262541 0.06805069 0.07102064 0.05896514 0.06545268 0.08988994 0.3365829 4.279816 4.839882 1.092616 0.5209475 0.4511057 0.4302251 2.062371 0.266989 5.821444 3.681888 1.188488 1.489885 0.3315758 0.3134101 0.2137333 0.1230574 0.1423389 3.690896 0.1686352 0.2118838
0.851033 0.9205739 1.325889 6.791389 121.5984 16.2498 3.456634 1.618582 1.403411 2.796538 2.571112 1.41391 1.085908 2.061585 3.395584 5.533195 15.04561 1.866565 4.842647 8.429042 1.510489 1.87537 1.862261 1.067743 1.020396 1.156924 2.338348 3.542371 15.66529 0.7296941 0.6076983 0.76427 4.445316 0.4297613 0.3912581 0.7463031 1.55924 0.3853131 0.5040063 0.6263647 5.262167 0.5846723 0.4241198 0.3302232 0.4360704 0.5042877 0.2149543 0.1647323 0.2801833 6.472081 2.404668 1.629154 2.510007 5.666661 0.2990614 0.3836468 0.9807357 0.5641581 0.242227 4.577261 0.649197 0.5853957 0.210077 0.2758434 0.2498356 0.1758582 0.122244 0.1563212 0.1775545 0.1688154 0.09789895
1.062418 0.8016622 1.241244 4.612354 8.343379 3.770809 6.14091 0.8734907 1.173023 0.8792676 1.834711 1.331241 4.321619 1.408078 1.255716 9.083218 2.028705 1.386423 1.507265 3.170559 3.942609 2.404659 5.584732 10.62897 1.120121 1.468602 2.210066 1.651899 3.655435 0.5514059 0.4052329 0.5354134 0.3735221 0.325641 0.3973829 1.246128 1.224131 0.4279633 0.7079182 0.7967784 8.828392 0.8130924 0.4237641 0.2876762 0.4167186 0.3754557 0.2980453 0.3182208 0.4606443 4.812227 6.881803 0.5452851 1.486776 3.990833 0.3778563 0.4607916 0.3904081 0.3681038 0.339146 0.1709082 0.1634102 0.150617 0.1279303 0.122564 0.1465941 0.1298049 0.1296178 0.7154543 0.2605398 0.6394442 0.07018587
1.303178 6.211827 0.9045051 1.745193 1.743271 2.58482 1.454775 1.100618 1.082 0.843378 1.120901 3.037778 4.482817 1.75907 0.923007 2.943931 11.93561 11.24208 1.461704 1.472028 0.8682341 1.04831 5.704877 2.257552 0.6351458 2.558554 3.311596 0.774783 0.4933487 0.7931721 3.185491 0.8356701 0.3291871 0.3054815 0.4134653 0.7148387 1.652337 0.7731513 0.2224987 0.1680069 0.2431676 0.3250425 0.2345374 0.279321 0.4026326 0.637065 0.5023507 0.385548 0.8886951 0.6700085 8.690492 1.090686 0.4549664 3.464366 7.236158 0.8606923 0.4401158 0.4445759 4.794131 0.2418929 0.1292032 0.1258788 0.09520094 0.0676632 0.07285845 0.105703 0.124134 0.1799448 0.2487711 0.786983 1.255046
