manual/examples/resources/data/gpw/gpw_v4_basic_demographic_characteristics_rev10_a000_014mt_2010_cntm_1_deg.asc
ncols         360
nrows         145
xllcorner     -180
yllcorner     -60
cellsize      0.99999999999994
NODATA_value  -9999
[rows 32 to 63 of 145, columns 142 to 212 of 360]
-9999 -9999 -9999 -9999 -9999 -9999 -9999 -9999 -9999 -9999 -9999 -9999 -9999 -9999 -9999 -9999 -9999 -9999 -9999 -9999 -9999 -9999 -9999 -9999 -9999 -9999 -9999 816.0598 19894.25 42163.25 36187.09 32349.29 63.25932 9250.298 17056.09 202334.2 472009 179869 85037.34 81872.07 -9999 -9999 344608.4 258371.8 175203.2 102060.8 132160.4 129377.3 92436.05 41255.06 30269.47 283741.8 29284.74 39279.21 92393.38 67313.93 63601.44 58500.05 129331.8 139667.6 37831.4 45638.92 17735.27 16489.83 24696.16 19516.26 9875.648 20970.62 39926.78 29781.63 16332.94
-9999 -9999 -9999 -9999 -9999 -9999 -9999 -9999 -9999 -9999 -9999 -9999 -9999 -9999 -9999 -9999 -9999 -9999 -9999 -9999 -9999 -9999 -9999 -9999 -9999 -9999 -9999 746.3439 5773.257 38109.76 1514.385 -9999 2390.727 35141.95 160955.3 197278.6 142201.4 993702.8 458793.6 55136.28 29431.79 100847.8 410089.7 298805.5 387368 389639.4 123925.2 85417.42 56101.87 61525.39 90540.7 73493.23 48758.93 56689.96 88026.3 81606.77 56342.83 112430.8 53346.83 72244.71 78842.85 25942.98 28037.48 26259.05 27627.29 14052.55 11914.67 8764.623 9185.368 34560.5 11672
-9999 -9999 -9999 -9999 -9999 -9999 -9999 -9999 -9999 -9999 -9999 -9999 -9999 -9999 -9999 -9999 -9999 -9999 -9999 -9999 -9999 -9999 -9999 -9999 -9999 -9999 -9999 -9999 -9999 -9999 -9999 -9999 21593.65 48473.95 54361 33124.52 137467.5 72894.63 36500.82 52444.5 165691 326627.7 347920.6 175704.5 164207.5 195255.6 252639.8 70218.16 64561.25 65651.35 99693.65 72510.02 161487.6 82617.99 72159.69 56829.39 173858.9 175135.2 90877.34 84946.52 68771.3 43469.78 48363.42 59850.63 65268.98 29369.37 47651.06 24093.54 254370.4 24077.67 18584.72
-9999 -9999 -9999 -9999 -9999 -9999 -9999 -9999 -9999 -9999 -9999 -9999 -9999 -9999 -9999 -9999 -9999 -9999 -9999 -9999 -9999 -9999 -9999 -9999 -9999 -9999 -9999 -9999 -9999 -9999 -9999 163.6239 111.7679 -9999 -9999 12415.07 30606.21 45270.32 84390.66 117095 176004.1 66049.73 54185.8 57689.38 158515.3 100038.5 272196 114360.8 88429.34 108365.8 51267.34 47674.93 56485.27 47524.05 85405.34 84522.79 156151.3 110174.8 114790.9 78763.05 45645.43 94483.48 87306.09 57189.43 40436.45 35069.02 66725.53 22342.55 41536.15 30454.79 34344.68
-9999 -9999 -9999 -9999 -9999 -9999 -9999 -9999 -9999 -9999 -9999 -9999 -9999 -9999 -9999 -9999 -9999 -9999 -9999 -9999 -9999 -9999 -9999 -9999 -9999 -9999 -9999 -9999 -9999 -9999 -9999 -9999 41.22952 50621.66 32487.27 44681.28 90250.04 45132.81 44732.84 106151.3 1029653 44573.82 38293.3 26717.24 75167.56 163443.1 157285.3 252937.3 120088.3 222722 80396.49 63203.9 82323.16 39237.49 188214.1 98948.23 62601.72 44850.57 69378.54 85506.48 81329.98 61394.88 72928.9 78559.09 59199.16 44226.87 36281.5 29837.89 30484.25 18352.23 32852.31
-9999 -9999 -9999 -9999 -9999 -9999 -9999 -9999 -9999 -9999 -9999 -9999 -9999 -9999 -9999 -9999 -9999 -9999 -9999 -9999 -9999 -9999 -9999 -9999 -9999 -9999 -9999 -9999 -9999 -9999 -9999 -9999 -9999 9905.794 34613.93 62765.76 125511.3 84510.41 77258.04 61941 41175.33 26049.86 19308.16 53421.96 79508.06 189088.3 240488.9 138539.1 52000.76 66867.18 53699.39 46749.5 19765.03 52118.7 60986.31 51791.98 104043.5 188080.5 45813.07 76934.18 56567.64 56479.86 40222.52 35317.63 91497.48 96947.46 111040.7 45179.6 14969.31 19507.47 16220.99
-9999 -9999 -9999 -9999 -9999 -9999 -9999 -9999 -9999 -9999 -9999 -9999 -9999 -9999 -9999 -9999 -9999 -9999 -9999 -9999 -9999 -9999 -9999 -9999 -9999 -9999 -9999 -9999 -9999 -9999 -9999 -9999 -9999 -9999 -9999 2406.774 60473.18 51515.91 39598.57 22449.12 20197.67 30129.7 66672.48 50992.67 166350.9 81007.89 31083.68 29424.27 15286.53 64424.18 24100.72 37699.76 75920.6 70577.49 57205.83 34465.95 52481 45738.26 47253.22 50188.64 18841.72 57062.34 61585.32 33503.57 72861.59 64134.44 83902.85 72195.73 116671 14549.8 72773.8
-9999 -9999 -9999 -9999 -9999 -9999 -9999 -9999 -9999 -9999 -9999 -9999 -9999 -9999 -9999 -9999 -9999 -9999 -9999 -9999 -9999 -9999 -9999 -9999 -9999 -9999 -9999 -9999 -9999 -9999 -9999 -9999 -9999 -9999 -9999 -9999 7561.045 49161.69 38846.73 43567.24 11780.61 58071.01 252773.9 156330.9 49682.87 135446.3 172386.1 465064.1 155828.5 189361.6 138783.2 51596.3 35146.33 76577.03 65372.04 34034 53655.58 68426.86 41827.14 50284.9 26753.78 39930.33 50854.56 76590.97 48916.68 70601.35 61819.09 15886.83 1058.985 -9999 1500.247
-9999 -9999 -9999 -9999 -9999 -9999 -9999 -9999 -9999 -9999 -9999 -9999 -9999 -9999 -9999 -9999 -9999 -9999 -9999 -9999 -9999 -9999 -9999 -9999 -9999 -9999 -9999 -9999 -9999 -9999 -9999 -9999 -9999 -9999 -9999 -9999 10662.78 103372.8 42084.24 29686.5 27062.46 13548.88 80063.62 23037.82 14974.76 63152.76 90464.09 40904.64 123512 113265.7 55322.23 5602.151 2293.823 19404.57 23895.15 59524.02 72647.05 55193.75 166808.7 29623.56 30121.73 58137.54 64270.39 90547.84 184815.9 34992.78 50261.07 226.7348 -9999 -9999 -9999
-9999 -9999 -9999 -9999 -9999 -9999 -9999 -9999 -9999 -9999 -9999 -9999 -9999 -9999 -9999 -9999 -9999 -9999 -9999 -9999 -9999 -9999 -9999 -9999 -9999 -9999 -9999 -9999 1073.347 44554.17 11511.69 6147.535 52014.54 11261.41 51507.82 89447.43 58619.07 51412.25 30937.84 133506.3 45817.59 88544.63 88289.5 214336.9 66823.05 82607.85 3671.731 24.21395 92227.32 112825.5 69105.88 67154.63 -9999 5970.487 36887.56 40569.94 46837.92 24586.12 54796.16 68769.17 19660.09 29909.97 36199.45 35028.3 36144.98 51970.58 12693.84 -9999 -9999 -9999 -9999
-9999 -9999 -9999 -9999 -9999 -9999 -9999 -9999 -9999 -9999 -9999 -9999 -9999 -9999 -9999 -9999 -9999 -9999 -9999 -9999 -9999 -9999 -9999 -9999 -9999 -9999 -9999 -9999 3144.719 87453.53 19333.83 10394.47 19553.68 5843.786 18509.81 48885.16 47413.31 8257.629 6475.498 18692.26 58480.26 11532.82 -9999 -9999 261.5583 -9999 2544.579 11110.65 6479.673 21171.55 77872.07 51288.44 47007.95 35.67242 822.9976 2970.808 21189.61 54958.55 159950 155133.7 20790.41 107823.9 59051.3 39320.64 29736.97 31015.19 0.2630445 -9999 -9999 -9999 -9999
-9999 -9999 -9999 -9999 -9999 -9999 -9999 -9999 -9999 -9999 -9999 -9999 -9999 -9999 -9999 -9999 -9999 -9999 -9999 -9999 -9999 -9999 -9999 -9999 -9999 -9999 -9999 -9999 -9999 235271.4 25258.34 5862.438 10851.95 42243.82 5956.147 5117.961 27294.86 46408.82 33420.9 144330 371321.5 8058.118 -9999 -9999 -9999 -9999 7817.968 5539.104 -9999 0.3357172 268993.2 66582.79 90276.45 57082 90734.55 3303.425 -9999 135942.5 76569.33 73030.57 36147.89 28882.46 27999.55 32859.09 34377.4 78905.52 1001460 336410.5 11446.62 56288.31 56026.76
-9999 -9999 -9999 -9999 -9999 -9999 -9999 -9999 -9999 -9999 -9999 -9999 -9999 -9999 -9999 -9999 -9999 -9999 -9999 -9999 -9999 -9999 -9999 -9999 -9999 -9999 -9999 -9999 -9999 81356.31 30605.09 7633.091 22878.45 43756.79 514486.2 4208.359 7249.157 11327.5 23528.2 -9999 -9999 1232.482 335.6434 -9999 -9999 -9999 23876.33 18134.29 -9999 -9999 211.0361 5663.862 362153.1 46673.32 44374.6 83200.43 41475.92 59408.31 34029.77 25394.77 107622.3 23076.13 10054.87 6535.665 29196.7 38143.28 152188.2 639694.1 148251.5 60008.66 160501.7
-9999 -9999 -9999 -9999 -9999 -9999 298.9888 -9999 -9999 214.9925 136.3614 -9999 -9999 -9999 -9999 -9999 -9999 -9999 -9999 -9999 -9999 -9999 -9999 -9999 -9999 -9999 -9999 -9999 22154.18 59138.7 10370.98 21098.43 10031.48 23300.77 33213.91 15374.98 13693.31 200061.8 1180.049 2200.101 51912.79 17835.32 4518.105 -9999 -9999 -9999 24126.84 34405.39 -9999 -9999 -9999 -9999 -9999 5727.154 51036.19 8059.901 11426.88 7830.263 22934.14 18275.88 38200.23 3532.351 73.59885 1539.789 36969.39 83538.21 38355.35 51273.93 87012.34 13350.94 304487.3
-9999 -9999 -9999 -9999 -9999 -9999 -9999 -9999 -9999 2737.431 4919.72 -9999 -9999 -9999 -9999 -9999 -9999 -9999 -9999 -9999 -9999 -9999 -9999 -9999 -9999 -9999 -9999 -9999 200610.9 32792.43 18963.39 31886.69 10230.03 13373.52 30140.27 7527.291 51754.24 146008.7 9537.123 8153 -9999 -9999 -9999 -9999 -9999 -9999 391.8655 7.134768 -9999 -9999 9278.509 80680.02 9976.582 56055.55 47788.81 1473.686 -9999 -9999 7347.764 36791.44 20524.99 143491.3 3199.644 226.7636 38179.1 414624.1 74134.4 55930.63 70504.27 38616.79 62050.2
-9999 -9999 -9999 -9999 -9999 -9999 -9999 -9999 -9999 -9999 -9999 -9999 13779.4 -9999 -9999 -9999 -9999 -9999 -9999 -9999 -9999 -9999 -9999 -9999 -9999 -9999 -9999 -9999 -9999 24942.87 27793.37 81173.55 111108.4 72801.26 81405.22 12325.18 70266.77 34832.94 -9999 -9999 -9999 -9999 -9999 -9999 6824.292 1341.585 693.346 48609.07 13599.61 680.4859 22972.38 51885.45 67597.73 82227.4 237.6739 -9999 -9999 -9999 3087.726 15578.58 27228.69 146847.3 5615.396 4061.355 4030.465 92786.84 64234.69 88646.69 99951.46 38154.64 112842.8
-9999 -9999 -9999 -9999 -9999 -9999 -9999 -9999 -9999 -9999 -9999 -9999 450.4361 -9999 -9999 -9999 -9999 -9999 -9999 -9999 -9999 -9999 -9999 -9999 -9999 -9999 -9999 -9999 -9999 -9999 84.32925 61835.09 67044.08 109399.2 17965.49 44379.64 464.1338 -9999 75879.68 190890.3 380372.2 604926.6 248569.4 288557.9 352729.5 240539.2 102380.3 92084.11 364126.2 8116.627 75.00021 -9999 26208.67 6732.299 -9999 -9999 -9999 -9999 -9999 1157.229 3824.019 703.2225 604.1915 1944.239 903.0834 7155.224 26766.04 37732.37 101978.5 21565.35 51872.91
-9999 -9999 -9999 -9999 -9999 -9999 -9999 -9999 -9999 -9999 -9999 -9999 -9999 -9999 -9999 -9999 -9999 -9999 -9999 -9999 -9999 -9999 -9999 -9999 -9999 -9999 -9999 -9999 -9999 -9999 -9999 31482.91 293270.5 31582.16 45963.66 61913.54 72019.74 308914.6 248215.1 141555.3 78943.47 72346.5 117695 163827 141747.3 111460.5 96190.8 86787.94 228475.6 12226.3 510.7073 -9999 29165.65 -9999 -9999 -9999 -9999 -9999 -9999 -9999 -9999 4153.098 19660.65 27403.76 1195.373 466.73 -9999 -9999 -9999 -9999 4043.755
-9999 -9999 -9999 -9999 -9999 -9999 -9999 -9999 -9999 -9999 -9999 -9999 -9999 -9999 -9999 -9999 -9999 -9999 -9999 -9999 -9999 -9999 -9999 -9999 -9999 -9999 -9999 -9999 -9999 -9999 -9999 279069.4 283372.1 239453.1 61091.68 83357.63 154407.9 32482.05 41683 20225.57 57791.69 127644.6 34629.95 96443.07 22222.42 20082.62 52566.55 49683.6 93359.13 1749.406 -9999 -9999 -9999 -9999 -9999 -9999 -9999 -9999 -9999 -9999 -9999 0.2359961 229.158 345.4608 2.856586 -9999 -9999 -9999 -9999 -9999 13450.67
-9999 -9999 -9999 -9999 -9999 -9999 -9999 -9999 -9999 -9999 -9999 -9999 -9999 -9999 -9999 -9999 -9999 -9999 -9999 -9999 -9999 439.1441 -9999 -9999 -9999 -9999 -9999 -9999 -9999 79408.62 630001.7 210044.8 205717.6 69464.63 23459.15 5832.726 4492.086 14760.96 10271.16 12016.47 32554.18 20991.21 12022.17 39356.75 91129.77 19894.49 12204.59 22124.09 74131.47 10501.29 -9999 -9999 -9999 -9999 -9999 -9999 -9999 -9999 -9999 -9999 -9999 -9999 -9999 -9999 -9999 -9999 -9999 -9999 -9999 -9999 -9999
-9999 -9999 -9999 -9999 -9999 -9999 -9999 -9999 -9999 -9999 -9999 -9999 -9999 -9999 -9999 -9999 -9999 -9999 -9999 -9999 3587.224 18535.07 -9999 -9999 -9999 -9999 -9999 -9999 70935.88 164602.6 144000.5 228636.8 56921.65 30541.01 9235.295 3501.373 7763.806 11996.74 7358.503 4224.732 4457.61 34590.63 33363 15048.16 15356.52 1653.348 1315.212 3010.194 11736.01 37334.18 93089.84 281569.3 33529.32 4107.804 -9999 -9999 -9999 37.92585 28939.11 31631.58 11057.82 1858.283 24.50277 -9999 -9999 -9999 -9999 -9999 -9999 -9999 -9999
-9999 -9999 -9999 -9999 -9999 -9999 -9999 -9999 -9999 -9999 -9999 -9999 -9999 -9999 -9999 -9999 -9999 -9999 -9999 -9999 -9999 -9999 -9999 -9999 -9999 -9999 -9999 -9999 84647.66 137704.3 250410.2 70455.25 41867.23 48857.77 5506.871 14510.05 15488.25 834.3503 683.2477 6356.781 2893.677 2139.855 9454.24 10662.58 765.0634 173.4782 173.4782 485.3272 2078.602 3630.669 6997.248 20566.01 32786.86 12148.18 727.4776 162.9729 -9999 2248.335 75612.46 41127.82 13124.5 4101.904 3702.212 4780.691 17590.41 25069.71 1488.345 340875.8 913143.8 939069.6 125578.7
-9999 -9999 -9999 -9999 -9999 -9999 -9999 -9999 -9999 -9999 -9999 -9999 -9999 -9999 -9999 -9999 -9999 -9999 -9999 -9999 -9999 -9999 -9999 -9999 -9999 -9999 -9999 -9999 233104.2 75031.53 23574.93 37267.59 33058.89 1214.242 1096.089 2214.825 1203.904 1126.947 1222.001 2141.411 2089.276 2047.314 1214.643 1129.668 979.3459 203.9003 224.1024 758.5545 2373.26 2852.578 7071.017 9222.343 14236.38 3364.111 3364.111 3243.796 1726.267 678.5114 1598.895 1625.394 2692.14 3456.749 3123.104 3.547637 -9999 735.4081 4139.449 116159.1 911390.8 3953839 242499.6
-9999 -9999 -9999 -9999 -9999 -9999 -9999 -9999 -9999 -9999 -9999 -9999 -9999 -9999 -9999 -9999 -9999 -9999 -9999 -9999 -9999 -9999 -9999 -9999 3568.857 -9999 -9999 16244.24 49227.73 8394.061 6206 1672.548 1256.383 130.2353 144.2542 1158.08 1368.424 5650.485 3811.266 3835.891 1285.267 1207.031 1074.807 565.6727 184.1416 188.6111 279.7014 957.1995 2610.282 2862.103 7142.631 7142.631 4623.267 1956.764 2269.761 2727.101 2762.062 1641.831 1641.856 1641.856 1641.856 3463.927 3239.76 2600.529 2262.793 -9999 -9999 -9999 583962.7 1053282 46665.27
-9999 -9999 -9999 -9999 -9999 -9999 -9999 -9999 -9999 -9999 -9999 -9999 -9999 -9999 -9999 -9999 -9999 -9999 -9999 15.03126 6917.104 64034 39946.28 3899.206 13334.33 25.18498 11616.7 8336.562 5273.79 1416.701 203.4917 82.04487 82.04487 98.82368 140.9522 607.3719 2073.764 8901.445 3428.182 1632.819 1279.537 939.3484 300.4729 203.8576 170.9785 170.9785 318.1055 869.4691 1568.189 1500.155 1603.449 1591.194 1326.683 909.8511 820.6604 862.8439 1618.917 1605.567 1657.818 1657.166 1657.818 3254.857 3398.296 -9999 35.44804 -9999 4839.617 945.3596 717506 12255.17 3215.732
-9999 -9999 -9999 -9999 -9999 -9999 -9999 -9999 -9999 -9999 -9999 -9999 -9999 -9999 -9999 -9999 -9999 -9999 -9999 290.7863 380.265 19.62425 24036.3 -9999 29195.22 1431.026 193.0365 119.6072 126.4026 822.9937 1198.338 1109.674 372.243 82.80981 149.4508 3256.229 3537.216 10761.2 2463.666 1912.506 1133.99 252.9903 219.654 202.8111 202.3158 366.1353 568.9085 913.3423 1067.523 1378.684 1568.979 2063.71 5129.296 9816.099 1520.722 828.3119 828.3119 1511.335 1644.673 1654.589 1656.901 1642.181 1616.454 -9999 -9999 1819.993 682.7163 -9999 568011.9 364483.9 573.0779
-9999 -9999 -9999 -9999 -9999 -9999 -9999 -9999 -9999 -9999 -9999 -9999 -9999 -9999 -9999 -9999 -9999 -9999 -9999 -9999 -9999 -9999 -9999 7036.794 2502.984 94.86524 8808.951 15.09873 13.9212 91.22976 544.0167 1166.206 1278.116 1014.981 648.2758 1339.868 1255.797 796.6345 2928.774 4003.92 1141.534 981.8214 170.9803 194.8096 320.6208 561.7986 561.7986 649.5554 857.0089 2028.402 4005.819 4096.458 7132.798 1801.695 639.3987 791.7808 769.129 316.7223 213.4092 213.4092 213.4092 213.4092 213.4088 -9999 -9999 2886.775 -9999 -9999 -9999 810160.1 394197.5
-9999 -9999 -9999 -9999 -9999 -9999 -9999 -9999 -9999 -9999 -9999 -9999 -9999 -9999 -9999 -9999 -9999 -9999 -9999 -9999 -9999 -9999 -9999 2.944164 19.72418 26.82159 112.8751 112.9313 112.8563 112.9268 113.0204 182.5256 591.2245 370.4707 359.2467 344.0323 343.7281 343.7281 343.7281 636.6459 499.6816 690.0235 99.28852 179.8884 294.0353 480.8696 402.6371 597.1193 860.0627 1726.616 1630.668 669.9252 526.0268 526.0268 526.0268 526.0268 526.0268 268.1693 215.2337 215.2337 215.2337 215.2337 215.2332 -9999 -9999 -9999 11068.34 2520.399 12525.41 -9999 324313
-9999 -9999 -9999 -9999 -9999 -9999 -9999 -9999 -9999 -9999 -9999 -9999 -9999 -9999 -9999 -9999 -9999 -9999 -9999 -9999 -9999 -9999 15.73757 1.946473 12.76569 15.41544 74.59399 74.59388 74.59377 74.59366 74.59355 158.6335 237.8531 287.2892 421.6295 452.8304 427.8305 401.1933 372.3444 270.8968 100.0945 100.0945 100.0945 157.9391 196.9405 212.9664 300.3026 514.0233 650.0307 620.0864 530.3255 530.3255 530.3255 530.3255 530.3255 530.3255 530.3255 271.7445 216.9926 216.9926 216.9926 216.9926 216.9922 -9999 -9999 -9999 -9999 -9999 2136.411 -9999 108119.1
-9999 -9999 -9999 -9999 -9999 -9999 -9999 -9999 -9999 -9999 -9999 -9999 -9999 -9999 -9999 -9999 -9999 -9999 -9999 -9999 -9999 245.5795 13998 15.31563 1.526532 29.36713 75.1706 75.1706 75.1706 76.32079 83.40309 152.7793 239.7086 239.7086 243.9859 345.9626 457.4866 465.1574 465.1574 290.8669 171.9027 156.4884 170.708 2277.604 236.9491 165.3545 363.5585 298.5149 474.1409 429.1838 382.454 478.8378 534.4598 513.3214 479.1583 534.4627 534.4627 275.2589 218.6854 218.6854 218.6854 218.6854 218.685 -9999 -9999 -9999 -9999 -9999 851.2933 -9999 19138.49
-9999 -9999 -9999 -9999 -9999 -9999 -9999 -9999 -9999 -9999 -9999 -9999 -9999 -9999 -9999 -9999 -9999 -9999 -9999 -9999 -9999 42.29439 9.790243 26.05894 8.513618 10722 75.72958 75.75273 80.33584 87.15528 88.00428 203.6371 249.1862 241.4911 241.4911 241.4911 275.4602 414.7989 468.6164 351.9915 267.2578 267.2578 367.2485 5198.753 2368.758 108.2536 108.2536 165.7034 497.4436 164.9855 164.6027 173.1626 237.1246 443.8141 292.7302 348.8111 469.0217 278.4214 220.3116 220.3116 220.3116 220.3116 220.3111 3.796244 4.679904 5.329959 5.479587 3.82285 5.134658 929.6797 21.88983
-9999 -9999 -9999 -9999 -9999 -9999 -9999 -9999 -9999 -9999 -9999 -9999 -9999 -9999 -9999 -9999 -9999 -9999 -9999 -9999 1365.613 356.9091 327.0285 466.3897 516.2805 445.2825 81.92067 85.36224 88.62707 88.62707 106.6052 244.3272 291.2859 243.2001 243.2001 243.2001 243.2001 276.9767 448.8493 646.0917 326.267 280.4076 1218.527 5418.296 2945.27 237.7174 338.2166 565.1213 577.7699 165.7675 165.7675 165.7675 165.7675 392.2618 396.309 287.8171 287.8171 274.9485 241.5189 223.6635 221.8707 221.8707 221.8717 772.37 772.3765 772.3765 772.3765 772.371 767.3912 742.8775 4549.646
