manual/examples/resources/data/gpw/gpw_v4_basic_demographic_characteristics_rev10_a000_014ft_2010_dens_1_deg.asc
ncols         360
nrows         145
xllcorner     -180
yllcorner     -60
cellsize      0.99999999999994
NODATA_value  -9999
[rows 32 to 63 of 145, columns 142 to 212 of 360]
-9999 -9999 -9999 -9999 -9999 -9999 -9999 -9999 -9999 -9999 -9999 -9999 -9999 -9999 -9999 -9999 -9999 -9999 -9999 -9999 -9999 -9999 -9999 -9999 -9999 -9999 -9999 1.718784 3.538875 5.389378 4.955675 6.575203 4.135686 3.863247 2.156155 25.66657 59.37592 23.10108 11.58757 17.43456 -9999 -9999 99.52052 45.20074 22.21519 12.79682 16.62548 16.50558 11.58046 5.155945 3.823095 36.59244 3.734843 4.984192 11.62919 8.536186 8.133013 7.426469 16.34225 17.77793 4.775069 5.91574 2.247536 2.008942 3.097321 2.442737 1.230143 2.5662 5.135238 3.854767 2.049858
-9999 -9999 -9999 -9999 -9999 -9999 -9999 -9999 -9999 -9999 -9999 -9999 -9999 -9999 -9999 -9999 -9999 -9999 -9999 -9999 -9999 -9999 -9999 -9999 -9999 -9999 -9999 1.168884 1.68784 15.31648 6.771359 -9999 5.076274 11.01064 27.08182 25.7726 17.716 123.9537 62.46034 39.35527 35.48201 27.08937 55.14717 37.63826 48.6855 48.15575 15.24459 10.38209 6.862956 7.6187 11.05742 9.143289 6.123243 7.006351 10.94963 10.04428 7.0253 13.88202 6.600159 8.926003 9.824636 3.214814 3.349546 3.047654 3.212136 1.625546 1.435003 1.068215 1.160572 4.250556 1.440153
-9999 -9999 -9999 -9999 -9999 -9999 -9999 -9999 -9999 -9999 -9999 -9999 -9999 -9999 -9999 -9999 -9999 -9999 -9999 -9999 -9999 -9999 -9999 -9999 -9999 -9999 -9999 -9999 -9999 -9999 -9999 -9999 17.73802 11.18236 12.24867 11.61101 57.42022 43.4518 28.11875 14.39388 19.96727 39.49254 42.23101 21.36827 19.78968 23.75592 30.47752 8.489567 7.78473 7.964017 12.0301 8.756535 19.5361 9.910855 8.693705 6.864789 21.12996 21.31854 11.02003 10.28623 8.30162 5.16246 5.860751 7.445234 8.10621 3.46268 5.749307 2.930916 32.91318 2.88836 2.279974
-9999 -9999 -9999 -9999 -9999 -9999 -9999 -9999 -9999 -9999 -9999 -9999 -9999 -9999 -9999 -9999 -9999 -9999 -9999 -9999 -9999 -9999 -9999 -9999 -9999 -9999 -9999 -9999 -9999 -9999 -9999 9.775934 5.431635 -9999 -9999 56.09724 8.4639 15.69434 13.28858 14.30752 21.02827 7.838141 6.366335 6.782045 18.78604 11.8252 32.05134 13.37719 10.44185 12.61024 6.075892 5.641502 6.771823 5.592302 10.12257 10.01727 18.66127 13.24065 13.5456 9.302693 5.333309 11.23912 10.4723 6.807259 4.780567 4.163271 7.922019 2.666677 4.901518 3.76895 5.026035
-9999 -9999 -9999 -9999 -9999 -9999 -9999 -9999 -9999 -9999 -9999 -9999 -9999 -9999 -9999 -9999 -9999 -9999 -9999 -9999 -9999 -9999 -9999 -9999 -9999 -9999 -9999 -9999 -9999 -9999 -9999 -9999 2.062843 15.26374 4.824128 8.336245 12.61046 5.231631 5.215667 12.41496 120.5903 5.164442 4.557658 3.120699 8.829766 19.02051 18.05717 29.34068 13.92249 25.75848 9.278848 7.32212 9.665301 4.554448 21.85984 11.54603 7.203692 5.247197 8.040233 9.898208 9.612106 6.89143 8.321342 9.15795 6.975688 5.162976 4.198817 3.427827 3.53961 2.102499 3.854265
-9999 -9999 -9999 -9999 -9999 -9999 -9999 -9999 -9999 -9999 -9999 -9999 -9999 -9999 -9999 -9999 -9999 -9999 -9999 -9999 -9999 -9999 -9999 -9999 -9999 -9999 -9999 -9999 -9999 -9999 -9999 -9999 -9999 16.32327 13.72829 11.52129 14.40457 9.675096 8.80409 7.145137 4.736619 2.996983 2.153364 6.113953 8.867579 21.64363 28.22417 17.06621 5.910141 7.668942 6.193071 5.383218 2.251938 5.931707 7.014557 5.891219 11.94581 21.34105 5.288874 8.849547 6.455887 6.429861 4.61707 3.961484 10.31338 11.2669 12.74518 5.379796 1.684866 2.17192 1.762303
-9999 -9999 -9999 -9999 -9999 -9999 -9999 -9999 -9999 -9999 -9999 -9999 -9999 -9999 -9999 -9999 -9999 -9999 -9999 -9999 -9999 -9999 -9999 -9999 -9999 -9999 -9999 -9999 -9999 -9999 -9999 -9999 -9999 -9999 -9999 8.568515 10.587 5.766094 4.479875 2.574841 2.272053 3.398527 7.468164 5.658855 20.59061 9.541637 3.688772 3.335082 1.718033 7.125923 2.712987 4.242161 8.427141 7.923317 6.423197 4.11116 5.889854 5.156691 5.314714 5.564759 2.144625 6.326352 6.845688 3.755474 8.168705 7.232615 9.476067 8.732333 18.25329 4.583007 10.14888
-9999 -9999 -9999 -9999 -9999 -9999 -9999 -9999 -9999 -9999 -9999 -9999 -9999 -9999 -9999 -9999 -9999 -9999 -9999 -9999 -9999 -9999 -9999 -9999 -9999 -9999 -9999 -9999 -9999 -9999 -9999 -9999 -9999 -9999 -9999 -9999 5.151828 5.641713 4.296407 4.767208 1.339288 6.43642 28.0574 17.19876 5.548714 15.08082 19.23511 51.5503 17.86697 20.74406 25.26674 10.33189 4.26736 8.371423 7.187977 3.71881 5.971447 7.525329 4.59689 5.520659 2.940243 4.324286 5.565936 8.33728 5.318661 7.766027 7.319811 2.421867 2.672298 -9999 1.672035
-9999 -9999 -9999 -9999 -9999 -9999 -9999 -9999 -9999 -9999 -9999 -9999 -9999 -9999 -9999 -9999 -9999 -9999 -9999 -9999 -9999 -9999 -9999 -9999 -9999 -9999 -9999 -9999 -9999 -9999 -9999 -9999 -9999 -9999 -9999 -9999 4.848684 11.22067 4.479861 3.204229 2.929585 1.42589 8.603773 2.4797 1.633786 6.77042 12.90813 5.624013 13.23191 12.09144 16.75701 15.48593 1.653203 2.331297 2.577272 6.416953 7.797512 5.931318 18.11132 3.170029 3.282125 6.194294 6.982297 9.633356 20.03413 3.908862 7.298409 0.2486083 -9999 -9999 -9999
-9999 -9999 -9999 -9999 -9999 -9999 -9999 -9999 -9999 -9999 -9999 -9999 -9999 -9999 -9999 -9999 -9999 -9999 -9999 -9999 -9999 -9999 -9999 -9999 -9999 -9999 -9999 -9999 2.389484 11.35504 1.819343 1.121034 10.05517 2.797427 12.45737 25.90742 9.414179 5.397371 3.284206 14.13383 4.907523 13.9883 17.98949 29.74027 9.200187 33.4805 25.90036 0.6042709 15.31794 11.76719 7.523104 14.09976 -9999 3.905263 6.265277 4.638714 4.940985 2.609268 5.720607 7.228595 2.064243 3.195647 3.835042 3.7241 3.831635 5.576045 3.751379 -9999 -9999 -9999 -9999
-9999 -9999 -9999 -9999 -9999 -9999 -9999 -9999 -9999 -9999 -9999 -9999 -9999 -9999 -9999 -9999 -9999 -9999 -9999 -9999 -9999 -9999 -9999 -9999 -9999 -9999 -9999 -9999 6.2427 10.09616 1.99495 1.07762 2.042695 0.6111493 1.877429 5.085668 4.945475 0.9010373 0.6736793 1.940767 6.073722 10.91987 -9999 -9999 30.99224 -9999 1.262699 2.750111 6.616312 3.271699 8.111544 5.370532 16.72231 10.44369 3.168653 2.152308 3.886169 5.925834 16.28851 15.88871 2.147086 11.18537 6.050509 4.033033 3.11345 4.247874 1.371514 -9999 -9999 -9999 -9999
-9999 -9999 -9999 -9999 -9999 -9999 -9999 -9999 -9999 -9999 -9999 -9999 -9999 -9999 -9999 -9999 -9999 -9999 -9999 -9999 -9999 -9999 -9999 -9999 -9999 -9999 -9999 -9999 -9999 31.11371 2.604826 0.6066914 1.125058 4.35423 0.6142052 0.5181499 2.728602 4.72648 3.378554 17.38841 80.47701 22.26101 -9999 -9999 -9999 -9999 6.051672 1.703983 -9999 0.1681978 71.08829 8.712956 9.232383 6.532679 31.90748 29.49377 -9999 25.25073 7.794676 7.410194 3.757085 2.976877 2.882197 3.419152 3.504686 8.046574 254.2179 184.8351 8.849085 19.05265 7.507735
-9999 -9999 -9999 -9999 -9999 -9999 -9999 -9999 -9999 -9999 -9999 -9999 -9999 -9999 -9999 -9999 -9999 -9999 -9999 -9999 -9999 -9999 -9999 -9999 -9999 -9999 -9999 -9999 -9999 10.57918 3.084258 0.7729558 2.221491 4.373906 51.82616 0.4333126 0.7364764 1.15018 4.502658 -9999 -9999 11.35841 3.237324 -9999 -9999 -9999 4.036807 2.606926 -9999 -9999 20.95138 89.56661 116.1284 4.945386 5.075809 17.122 20.16682 11.05852 3.456069 2.653006 13.84843 3.412173 4.623925 4.423743 4.296365 6.861876 37.90285 76.04026 14.93155 6.126691 16.11351
-9999 -9999 -9999 -9999 -9999 -9999 1.852831 -9999 -9999 5.371365 4.314284 -9999 -9999 -9999 -9999 -9999 -9999 -9999 -9999 -9999 -9999 -9999 -9999 -9999 -9999 -9999 -9999 -9999 11.48812 5.947783 1.057638 2.096965 0.9840108 2.310543 3.254369 1.520681 1.360866 25.04204 117.4371 8.414008 24.65286 8.671243 11.53641 -9999 -9999 -9999 4.183207 6.356445 -9999 -9999 -9999 -9999 -9999 5.690181 6.460312 14.02743 20.49514 11.21157 3.038987 1.863473 4.310679 3.031531 0.8973155 2.075811 5.48395 8.247465 3.856902 5.026178 8.650331 1.343833 30.14387
-9999 -9999 -9999 -9999 -9999 -9999 -9999 -9999 -9999 3.418097 9.266331 -9999 -9999 -9999 -9999 -9999 -9999 -9999 -9999 -9999 -9999 -9999 -9999 -9999 -9999 -9999 -9999 -9999 111.7295 3.600286 1.828154 3.180671 1.01051 1.298064 2.894007 0.7185645 5.058618 19.84179 25.76674 18.23645 -9999 -9999 -9999 -9999 -9999 -9999 1.039321 3.585925 -9999 -9999 23.87189 92.28712 11.61448 21.10641 10.60039 11.26363 -9999 -9999 3.881803 4.823252 2.637995 20.53933 2.052306 0.5964552 11.01098 41.07576 7.292249 5.443714 7.119626 3.858971 6.09798
-9999 -9999 -9999 -9999 -9999 -9999 -9999 -9999 -9999 -9999 -9999 -9999 17.63703 -9999 -9999 -9999 -9999 -9999 -9999 -9999 -9999 -9999 -9999 -9999 -9999 -9999 -9999 -9999 -9999 3.190066 3.098816 8.29998 10.79816 7.00228 7.732881 1.149184 10.99171 33.49808 -9999 -9999 -9999 -9999 -9999 -9999 33.64729 7.081635 9.1126 19.05763 24.21125 13.69136 10.28 7.185359 6.712369 33.35368 3.159274 -9999 -9999 -9999 7.266838 2.888264 2.89133 55.90278 4.962039 4.453962 4.15807 12.72347 6.239576 8.778197 9.994834 3.916388 10.96127
-9999 -9999 -9999 -9999 -9999 -9999 -9999 -9999 -9999 -9999 -9999 -9999 5.430442 -9999 -9999 -9999 -9999 -9999 -9999 -9999 -9999 -9999 -9999 -9999 -9999 -9999 -9999 -9999 -9999 -9999 1.721307 25.15404 7.992992 27.07687 6.403006 17.80995 5.112524 -9999 31.42402 34.22932 56.22019 70.4594 26.83664 37.62176 36.10081 24.64613 10.41514 8.571055 53.94342 31.09214 2.162022 -9999 16.05721 13.86755 -9999 -9999 -9999 -9999 -9999 1.975365 1.333936 1.505737 1.673438 3.16063 3.465421 3.9412 8.672017 4.942501 21.00929 7.335526 6.110805
-9999 -9999 -9999 -9999 -9999 -9999 -9999 -9999 -9999 -9999 -9999 -9999 -9999 -9999 -9999 -9999 -9999 -9999 -9999 -9999 -9999 -9999 -9999 -9999 -9999 -9999 -9999 -9999 -9999 -9999 -9999 43.34513 38.39203 13.84742 18.19837 46.13135 22.16426 37.52047 24.14717 13.45602 7.477684 6.714155 11.21026 15.64032 13.62243 10.69131 9.083863 8.123072 24.90543 33.07776 18.90387 -9999 108.929 -9999 -9999 -9999 -9999 -9999 -9999 -9999 -9999 2.692678 6.050044 9.100761 1.835576 1.082308 -9999 -9999 -9999 -9999 3.253967
-9999 -9999 -9999 -9999 -9999 -9999 -9999 -9999 -9999 -9999 -9999 -9999 -9999 -9999 -9999 -9999 -9999 -9999 -9999 -9999 -9999 -9999 -9999 -9999 -9999 -9999 -9999 -9999 -9999 -9999 -9999 50.13522 26.87994 22.58569 5.651737 7.737534 14.55558 3.068125 3.956118 1.897122 5.258035 11.50493 3.174965 9.068273 2.135887 1.817009 4.760207 4.545432 18.33849 10.84145 -9999 -9999 -9999 -9999 -9999 -9999 -9999 -9999 -9999 -9999 -9999 0.3148909 1.037414 1.75436 0.399581 -9999 -9999 -9999 -9999 -9999 5.853407
-9999 -9999 -9999 -9999 -9999 -9999 -9999 -9999 -9999 -9999 -9999 -9999 -9999 -9999 -9999 -9999 -9999 -9999 -9999 -9999 -9999 9.07687 -9999 -9999 -9999 -9999 -9999 -9999 -9999 34.06755 87.37288 19.59149 19.04152 6.451432 2.140174 0.5260064 0.4199986 1.375686 0.9564028 1.125965 2.992825 1.807759 0.8867103 3.634869 8.486302 1.777398 1.147434 2.052239 9.17678 5.449119 -9999 -9999 -9999 -9999 -9999 -9999 -9999 -9999 -9999 -9999 -9999 -9999 -9999 -9999 -9999 -9999 -9999 -9999 -9999 -9999 -9999
-9999 -9999 -9999 -9999 -9999 -9999 -9999 -9999 -9999 -9999 -9999 -9999 -9999 -9999 -9999 -9999 -9999 -9999 -9999 -9999 9.855034 43.46816 -9999 -9999 -9999 -9999 -9999 -9999 35.52788 15.51332 13.16602 20.81838 5.286791 2.836662 0.8591328 0.3251621 0.71332 1.101282 0.673751 0.3835003 0.4096088 3.096257 3.021037 1.383161 1.423626 0.1552976 0.1193493 0.2742428 1.049096 3.385597 10.17876 30.84012 5.534607 2.986435 -9999 -9999 -9999 8.006449 5.763608 3.441547 1.253143 0.7223441 0.3175681 -9999 -9999 -9999 -9999 -9999 -9999 -9999 -9999
-9999 -9999 -9999 -9999 -9999 -9999 -9999 -9999 -9999 -9999 -9999 -9999 -9999 -9999 -9999 -9999 -9999 -9999 -9999 -9999 -9999 -9999 -9999 -9999 -9999 -9999 -9999 -9999 11.02309 12.54912 22.9117 6.382123 3.867474 4.433504 0.5128507 1.339192 1.433672 0.07540692 0.06163126 0.5780169 0.2621792 0.1945789 0.8521804 0.9690087 0.07192908 0.01643387 0.01643387 0.0408833 0.1853179 0.3288246 0.6337308 1.862635 2.96946 1.628355 0.3015042 0.3015041 -9999 8.00645 7.24587 3.724889 1.188668 0.3715036 0.3375039 0.7215138 3.023085 8.533725 2.854586 667.6082 214.9481 172.5556 75.63579
-9999 -9999 -9999 -9999 -9999 -9999 -9999 -9999 -9999 -9999 -9999 -9999 -9999 -9999 -9999 -9999 -9999 -9999 -9999 -9999 -9999 -9999 -9999 -9999 -9999 -9999 -9999 -9999 28.76848 6.806096 2.199559 3.36861 2.939234 0.1063041 0.104322 0.2065212 0.1091566 0.1034127 0.11295 0.1946615 0.1851814 0.1816098 0.112497 0.1050484 0.09105155 0.01861743 0.02003624 0.06645027 0.2123236 0.2556587 0.6337308 0.8265406 1.275917 0.3015041 0.3015041 0.3015041 0.2794707 0.1456738 0.1456738 0.1456738 0.2412796 0.3098066 0.2799042 0.0003179524 -9999 0.06380238 0.3649746 10.8017 80.69636 352.6502 22.12563
-9999 -9999 -9999 -9999 -9999 -9999 -9999 -9999 -9999 -9999 -9999 -9999 -9999 -9999 -9999 -9999 -9999 -9999 -9999 -9999 -9999 -9999 -9999 -9999 6.324384 -9999 -9999 9.131143 4.690135 0.7519384 0.5601459 0.1519959 0.1081263 0.01202237 0.01342836 0.1012653 0.1246969 0.5181929 0.3502024 0.3490777 0.1107776 0.1071101 0.09883531 0.05134826 0.01634757 0.01651337 0.02378246 0.08404289 0.2315975 0.2539403 0.6337308 0.6337308 0.4101999 0.1736141 0.2013848 0.2419665 0.2450643 0.1456738 0.1456738 0.1456738 0.1456738 0.3073373 0.2877606 0.244156 0.2109524 -9999 -9999 -9999 52.30733 92.74017 5.595408
-9999 -9999 -9999 -9999 -9999 -9999 -9999 -9999 -9999 -9999 -9999 -9999 -9999 -9999 -9999 -9999 -9999 -9999 -9999 3.257408 6.007576 29.35514 70.59973 4.208427 10.95066 0.07975172 2.532403 0.7707712 0.4462616 0.1252357 0.01810451 0.006764909 0.006764909 0.008548575 0.01302703 0.05481383 0.1858156 0.8042533 0.3150088 0.1455046 0.1120131 0.08325891 0.02600135 0.01732738 0.01497491 0.01497491 0.02735951 0.07438668 0.1377981 0.1318199 0.1408964 0.1398195 0.1165767 0.07994939 0.07211213 0.07581883 0.1422588 0.141191 0.1456738 0.1456738 0.1456738 0.286007 0.2986112 -9999 0.003276125 -9999 0.4124065 0.08055855 61.67981 1.03829 0.3031981
-9999 -9999 -9999 -9999 -9999 -9999 -9999 -9999 -9999 -9999 -9999 -9999 -9999 -9999 -9999 -9999 -9999 -9999 -9999 2.307493 2.502263 62.16215 22.30623 -9999 11.44702 0.1257233 0.01650525 0.01059152 0.01104477 0.0751494 0.1099606 0.1017584 0.0335399 0.00676491 0.01319966 0.2875459 0.3121085 0.9453552 0.212323 0.1572627 0.0977724 0.02123803 0.01831242 0.01748196 0.01756868 0.03185472 0.04910374 0.07780216 0.09293763 0.120027 0.136594 0.1796648 0.4465584 0.8545812 0.1323927 0.07211213 0.07211213 0.1315756 0.1431839 0.1440471 0.1442484 0.1429669 0.1407271 -9999 -9999 0.1470675 0.05764006 -9999 47.82905 30.76278 0.04787685
-9999 -9999 -9999 -9999 -9999 -9999 -9999 -9999 -9999 -9999 -9999 -9999 -9999 -9999 -9999 -9999 -9999 -9999 -9999 -9999 -9999 -9999 -9999 3.594623 0.2547173 0.006960473 0.7503079 0.001388409 0.001225519 0.00689096 0.04819023 0.1059118 0.1162939 0.09214613 0.05516985 0.1151479 0.1075993 0.06831183 0.253544 0.3256944 0.09661945 0.08448195 0.0144899 0.01839157 0.02801048 0.04848395 0.04848395 0.05605418 0.07394987 0.1750275 0.3456555 0.3534766 0.6154773 0.1554653 0.05517266 0.06832145 0.06636687 0.02732944 0.01841473 0.01841473 0.01841473 0.01841473 0.01841469 -9999 -9999 0.2312053 -9999 -9999 -9999 68.01199 33.35535
-9999 -9999 -9999 -9999 -9999 -9999 -9999 -9999 -9999 -9999 -9999 -9999 -9999 -9999 -9999 -9999 -9999 -9999 -9999 -9999 -9999 -9999 -9999 0.0002942899 0.001332924 0.001875694 0.008107656 0.008110781 0.00810539 0.00811042 0.008117096 0.01451055 0.05223196 0.03152067 0.03024205 0.02994201 0.02993601 0.02993601 0.02993601 0.05156622 0.04176819 0.05915242 0.008730802 0.0168812 0.02631712 0.04125934 0.03466671 0.05081499 0.07357377 0.1477239 0.1395149 0.05731673 0.04500522 0.04500522 0.04500522 0.04500522 0.04500522 0.02294374 0.01841472 0.01841472 0.01841472 0.01841472 0.01841469 -9999 -9999 -9999 0.9426722 0.2146582 1.076705 -9999 27.85196
-9999 -9999 -9999 -9999 -9999 -9999 -9999 -9999 -9999 -9999 -9999 -9999 -9999 -9999 -9999 -9999 -9999 -9999 -9999 -9999 -9999 -9999 0.00581902 0.0001454049 0.0009234226 0.001115725 0.005338815 0.005338808 0.0053388 0.005338792 0.005338784 0.01102921 0.01621862 0.01974778 0.02933605 0.03201524 0.03152621 0.03100515 0.03044083 0.02276582 0.008730263 0.008730263 0.008730263 0.01453219 0.01843457 0.01894634 0.02536748 0.04169844 0.05397194 0.05223043 0.04500522 0.04500522 0.04500522 0.04500522 0.04500522 0.04500522 0.04500522 0.02306116 0.01841473 0.01841473 0.01841473 0.01841473 0.01841469 -9999 -9999 -9999 -9999 -9999 0.1805615 -9999 9.186248
-9999 -9999 -9999 -9999 -9999 -9999 -9999 -9999 -9999 -9999 -9999 -9999 -9999 -9999 -9999 -9999 -9999 -9999 -9999 -9999 -9999 0.4623809 1.316475 0.001065946 8.135004e-005 0.002085584 0.005338443 0.005338443 0.005338443 0.005507301 0.00654704 0.01117576 0.01621862 0.01621862 0.01652156 0.02374402 0.03164265 0.03218594 0.03218594 0.02132725 0.01404762 0.01289365 0.01395818 0.1915129 0.02129905 0.01482495 0.02994405 0.02495088 0.03834977 0.03504663 0.03256473 0.04045284 0.04500489 0.04188826 0.03987222 0.04500522 0.04500522 0.02317858 0.01841473 0.01841473 0.01841473 0.01841473 0.01841469 -9999 -9999 -9999 -9999 -9999 0.0766997 -9999 2.008871
-9999 -9999 -9999 -9999 -9999 -9999 -9999 -9999 -9999 -9999 -9999 -9999 -9999 -9999 -9999 -9999 -9999 -9999 -9999 -9999 -9999 0.007784639 0.0008087759 0.001590431 0.0005973781 0.6992422 0.005338443 0.005341816 0.006009687 0.007003448 0.007127169 0.01575651 0.01691425 0.01621862 0.01621862 0.01621862 0.01860671 0.02840247 0.03218594 0.02572948 0.02103855 0.02103855 0.02938285 0.4325754 0.1979537 0.01037448 0.01037448 0.01488745 0.04072228 0.01466521 0.01463621 0.01533159 0.02052756 0.03136581 0.02215272 0.02753526 0.03861009 0.02326936 0.01841473 0.01841473 0.01841473 0.01841473 0.01841469 0.0002476617 0.0003053105 0.0003477191 0.0003574807 0.0002493974 0.000334978 0.08731934 0.001729378
-9999 -9999 -9999 -9999 -9999 -9999 -9999 -9999 -9999 -9999 -9999 -9999 -9999 -9999 -9999 -9999 -9999 -9999 -9999 -9999 4.67738 0.02699999 0.02070809 0.03151337 0.04061717 0.03380507 0.006156749 0.006654747 0.007127169 0.007127169 0.008586131 0.01928744 0.02058425 0.01621862 0.01621862 0.01621862 0.01621862 0.01918526 0.03244486 0.04849726 0.02524957 0.02180342 0.09977266 0.4477773 0.2436582 0.02066066 0.02825254 0.0459518 0.04693621 0.01463621 0.01463621 0.01463621 0.01463621 0.02812103 0.02828109 0.02172965 0.02172965 0.02111793 0.01940327 0.01852763 0.01841473 0.01841473 0.01841479 0.05003427 0.05003469 0.05003469 0.05003469 0.05003434 0.05003469 0.05003469 0.3239949
