examples/models/asc/GEBCO_2019_-7.0_58.0_-5.5_56.5_ESRIASCII.asc
ncols        360
nrows        360
xllcorner    -7.000000000000
yllcorner    56.500000000000
cellsize     0.004166666667
NODATA_value 9.9692099683868690468e+36
[rows 209 to 227 of 360, columns 86 to 128 of 360]
-100.0500030517578125 -96.84999847412109375 -95.3000030517578125 -95.0500030517578125 -93.9499969482421875 -88.8000030517578125 -89.1999969482421875 -86.65000152587890625 -84.5 -83.59999847412109375 -81.9499969482421875 -80 -78.0500030517578125 -74 -70.15000152587890625 -68.6999969482421875 -67.5500030517578125 -67.34999847412109375 -66.6999969482421875 -64.8000030517578125 -62.90000152587890625 -65.65000152587890625 -77 -71.09999847412109375 -62.299999237060546875 -64.1999969482421875 -64.34999847412109375 -64.59999847412109375 -65.3000030517578125 -65.1999969482421875 -63.799999237060546875 -57.40000152587890625 -63.200000762939453125 -67.65000152587890625 -65.84999847412109375 -63.5 -62.75 -64 -61.15000152587890625 -59.59999847412109375 -66.0500030517578125 -69.8000030517578125 -66.75
-101.8000030517578125 -100.84999847412109375 -99.6999969482421875 -96 -91.5 -92.09999847412109375 -89 -83.5500030517578125 -82 -81.09999847412109375 -78.40000152587890625 -73.5 -68.5 -66.65000152587890625 -65.8000030517578125 -66.1999969482421875 -64 -64.25 -63.5 -60.450000762939453125 -54.049999237060546875 -60.299999237060546875 -65.84999847412109375 -64.8000030517578125 -57.90000152587890625 -60.950000762939453125 -60.84999847412109375 -58.40000152587890625 -57.09999847412109375 -63.40000152587890625 -65.09999847412109375 -64.75 -65.5500030517578125 -66.1999969482421875 -64.3000030517578125 -66.59999847412109375 -61.549999237060546875 -59.90000152587890625 -60.5 -54.75 -52.65000152587890625 -55.450000762939453125 -55.200000762939453125
-101.09999847412109375 -96.5500030517578125 -93.8000030517578125 -95.59999847412109375 -89.3000030517578125 -87.15000152587890625 -83.6999969482421875 -76.34999847412109375 -74.9499969482421875 -74.75 -73.40000152587890625 -68.9499969482421875 -65.9499969482421875 -65.40000152587890625 -63.40000152587890625 -63.299999237060546875 -63.549999237060546875 -64.9499969482421875 -64.9499969482421875 -63.25 -62.09999847412109375 -63 -65.65000152587890625 -68.90000152587890625 -66.34999847412109375 -63.799999237060546875 -59.25 -63.25 -64.90000152587890625 -65.34999847412109375 -64.9499969482421875 -64.75 -64.6999969482421875 -64.90000152587890625 -61.25 -58.799999237060546875 -55.450000762939453125 -56.950000762939453125 -57.950000762939453125 -53.049999237060546875 -48.15000152587890625 -48.299999237060546875 -53.049999237060546875
-92.84999847412109375 -92.3000030517578125 -93.3000030517578125 -95.25 -92.34999847412109375 -86.6999969482421875 -85.15000152587890625 -82.84999847412109375 -81.8000030517578125 -77.3000030517578125 -73.8000030517578125 -68.5 -64.84999847412109375 -62.450000762939453125 -62.15000152587890625 -62.200000762939453125 -64.59999847412109375 -63.5 -61.5 -60.450000762939453125 -59.75 -59.299999237060546875 -63.950000762939453125 -71.1999969482421875 -75.8000030517578125 -73.1999969482421875 -70.84999847412109375 -67.84999847412109375 -65.1999969482421875 -64.8000030517578125 -65.6999969482421875 -64.59999847412109375 -60.549999237060546875 -60.65000152587890625 -61.799999237060546875 -64.25 -54.700000762939453125 -50.59999847412109375 -53.75 -58.25 -57.700000762939453125 -57.700000762939453125 -50.200000762939453125
-97.84999847412109375 -97.40000152587890625 -98.1999969482421875 -99.3000030517578125 -99.84999847412109375 -97.75 -96.6999969482421875 -92.8000030517578125 -89.09999847412109375 -86.09999847412109375 -82.9499969482421875 -75.34999847412109375 -71.34999847412109375 -69.1999969482421875 -68.5500030517578125 -70.9499969482421875 -69.3000030517578125 -64.6999969482421875 -62.450000762939453125 -62.90000152587890625 -63.799999237060546875 -61.84999847412109375 -58.5 -64.59999847412109375 -75.75 -80.40000152587890625 -79.5500030517578125 -74.90000152587890625 -76.40000152587890625 -66.90000152587890625 -63.049999237060546875 -63.450000762939453125 -61.200000762939453125 -56.09999847412109375 -52.450000762939453125 -54.950000762939453125 -57.15000152587890625 -46.700000762939453125 -42.799999237060546875 -50.950000762939453125 -51.299999237060546875 -52.09999847412109375 -55.450000762939453125
-98.59999847412109375 -98.75 -98.5500030517578125 -97.84999847412109375 -96.59999847412109375 -93.5 -91.84999847412109375 -88.40000152587890625 -85.09999847412109375 -84.90000152587890625 -89.65000152587890625 -89.6999969482421875 -93.34999847412109375 -91.90000152587890625 -91.4499969482421875 -90.09999847412109375 -92.5 -87.6510009765625 -74.8509979248046875 -75.6009979248046875 -69.34999847412109375 -67.1999969482421875 -68.59999847412109375 -68.8000030517578125 -65.3000030517578125 -61.84999847412109375 -72.24900054931640625 -73.75 -68.5 -74.0500030517578125 -71.34999847412109375 -70.6999969482421875 -65.25 -60.549999237060546875 -57.299999237060546875 -54.049999237060546875 -50.84999847412109375 -51.40000152587890625 -52.84999847412109375 -51.59999847412109375 -59.5 -53.799999237060546875 -51.15000152587890625
-100.59999847412109375 -100.34999847412109375 -98.8000030517578125 -97.6999969482421875 -96.8000030517578125 -97.25 -96.6999969482421875 -95.8000030517578125 -97.84999847412109375 -99.25 -90.90000152587890625 -81.3000030517578125 -73.25 -68.40000152587890625 -64.5500030517578125 -63.450000762939453125 -64.75 -65.5500030517578125 -65.15000152587890625 -65.15000152587890625 -66.40000152587890625 -63.549999237060546875 -59.25 -58.549999237060546875 -58.049999237060546875 -58.450000762939453125 -61.549999237060546875 -63.40000152587890625 -64.59999847412109375 -59.049999237060546875 -57.25 -62.5 -63.799999237060546875 -62.049999237060546875 -62.200000762939453125 -55.84999847412109375 -66.5500030517578125 -76 -73.84999847412109375 -72.5500030517578125 -66.8000030517578125 -60.200000762939453125 -53.75
-99.6999969482421875 -98.15000152587890625 -96.0500030517578125 -94.8000030517578125 -94.0500030517578125 -92.4499969482421875 -88.5500030517578125 -84.1999969482421875 -77.65000152587890625 -71.75 -67.59999847412109375 -71.09999847412109375 -77.9499969482421875 -78.5 -71.59999847412109375 -62.5 -57.950000762939453125 -53.65000152587890625 -51.549999237060546875 -53.90000152587890625 -50.549999237060546875 -48 -48.450000762939453125 -52.5 -53.40000152587890625 -53 -48.799999237060546875 -48.5 -54.950000762939453125 -54.65000152587890625 -42.40000152587890625 -40.40000152587890625 -48 -56 -59.549999237060546875 -56.5 -60.84999847412109375 -68.09999847412109375 -72.25 -73.5500030517578125 -69.8000030517578125 -65.6999969482421875 -64.65000152587890625
-100.90000152587890625 -100.1999969482421875 -99.65000152587890625 -101.5500030517578125 -101.75 -100.1999969482421875 -98.65000152587890625 -96.09999847412109375 -90.40000152587890625 -83 -81.0500030517578125 -79.75 -75.40000152587890625 -72.09999847412109375 -63.799999237060546875 -57.700000762939453125 -55.09999847412109375 -52.450000762939453125 -50.15000152587890625 -50 -49.950000762939453125 -49.65000152587890625 -50 -45.40000152587890625 -44.34999847412109375 -49.25 -51.75 -47.25 -44.75 -42.549999237060546875 -48.5 -55.15000152587890625 -56.799999237060546875 -60.59999847412109375 -60.59999847412109375 -55.450000762939453125 -51.450000762939453125 -48.59999847412109375 -50.200000762939453125 -59.200000762939453125 -53.450000762939453125 -46.799999237060546875 -40
-73.0500030517578125 -61.798999786376953125 -59.700000762939453125 -64.65000152587890625 -63.8489990234375 -67.29900360107421875 -74.75 -72.4499969482421875 -69.75 -68.4499969482421875 -68.40000152587890625 -61.59999847412109375 -55.700000762939453125 -52.450000762939453125 -55.90000152587890625 -54.299999237060546875 -50.5 -49.299999237060546875 -47.549999237060546875 -47.200000762939453125 -51.700000762939453125 -54.25 -53.5 -52.700000762939453125 -43 -41.799999237060546875 -42.549999237060546875 -44.90000152587890625 -40.25 -41.59999847412109375 -43.700000762939453125 -51.200000762939453125 -52.049999237060546875 -53.34999847412109375 -50.40000152587890625 -46.75 -45.450000762939453125 -41.950000762939453125 -41.25 -40.90000152587890625 -57.200000762939453125 -42.5 -45.299999237060546875
-45 -45.450000762939453125 -44.59999847412109375 -44.049999237060546875 -41.549999237060546875 -42.049999237060546875 -41.700000762939453125 -40.65000152587890625 -42.15000152587890625 -39.40000152587890625 -37.90000152587890625 -38.5 -41.450000762939453125 -50.15000152587890625 -51.25 -49.09999847412109375 -47.450000762939453125 -46.75 -46.299999237060546875 -44.65000152587890625 -44.15000152587890625 -45.200000762939453125 -46.15000152587890625 -48.798999786376953125 -56.5 -58 -52.65000152587890625 -50.549999237060546875 -48.200000762939453125 -44.700000762939453125 -41.200000762939453125 -58.09999847412109375 -50.049999237060546875 -48.84999847412109375 -49.15000152587890625 -42.84999847412109375 -47.549999237060546875 -48.950000762939453125 -48.049999237060546875 -43.700000762939453125 -41.799999237060546875 -61.75 -68.5500030517578125
-36.549999237060546875 -41.34999847412109375 -36.200000762939453125 -31.899999618530273438 -33.25 -32.549999237060546875 -30.700000762939453125 -33.09999847412109375 -31.549999237060546875 -33.200000762939453125 -33.950000762939453125 -33.200000762939453125 -32.5 -33.549999237060546875 -37.75 -41.09999847412109375 -41.5 -40.75 -39.09999847412109375 -38.450000762939453125 -38 -38 -38.5 -40.145000457763671875 -41.230998992919921875 -45.84999847412109375 -48 -44.200000762939453125 -36.5 -42 -52.75 -56.15000152587890625 -53.84999847412109375 -51.84999847412109375 -54.450000762939453125 -58.049999237060546875 -48.34999847412109375 -40.450000762939453125 -39.09999847412109375 -33.09999847412109375 -30.549999237060546875 -54.1510009765625 -104.70099639892578125
-38.09999847412109375 -37.34999847412109375 -34.549999237060546875 -34.549999237060546875 -30.049999237060546875 -32 -33.049999237060546875 -32.450000762939453125 -30.450000762939453125 -29 -28.549999237060546875 -28.899999618530273438 -28.899999618530273438 -28.399999618530273438 -27.5 -26.450000762939453125 -32.799999237060546875 -33.799999237060546875 -33.549999237060546875 -33.15000152587890625 -32.756999969482421875 -33.563999176025390625 -34.771999359130859375 -31.982000350952148438 -29.600000381469726562 -30.450000762939453125 -31.700000762939453125 -30.799999237060546875 -31.399999618530273438 -34.49900054931640625 -36.5989990234375 -38.65000152587890625 -45.25 -57.549999237060546875 -41.299999237060546875 -30.899999618530273438 -35.90000152587890625 -43.049999237060546875 -49.9010009765625 -85.95099639892578125 -122.09999847412109375 -116.55100250244140625 -123.9499969482421875
-33.65000152587890625 -31.899999618530273438 -30.5 -29.200000762939453125 -27.950000762939453125 -25.200000762939453125 -23.549999237060546875 -25.549999237060546875 -25.5 -25.950000762939453125 -25.850000381469726562 -24.5 -24.600000381469726562 -25.799999237060546875 -26.267000198364257812 -26.312000274658203125 -27 -28.5 -30.349000930786132812 -32.675998687744140625 -30.399999618530273438 -26.738000869750976562 -24.308000564575195312 -14.126999855041503906 -22.452999114990234375 -22.840000152587890625 -21.799999237060546875 -23.049999237060546875 -23.867000579833984375 -22.95800018310546875 -20.200000762939453125 -18.934000015258789062 -18.218999862670898438 -22 -32.74900054931640625 -32.90000152587890625 -50.549999237060546875 -84 -120.65000152587890625 -138.6999969482421875 -128.649993896484375 -114.90000152587890625 -113.84999847412109375
-30.25 -30.5 -29.450000762939453125 -29.700000762939453125 -26.850000381469726562 -26.399999618530273438 -25.549999237060546875 -26.399999618530273438 -24.899999618530273438 -23.017000198364257812 -24.350000381469726562 -23.2350006103515625 -24.100000381469726562 -24.399999618530273438 -23.475999832153320312 -20.7220001220703125 -21.086999893188476562 -21.715999603271484375 -23.072000503540039062 -24.475999832153320312 -16.437999725341796875 8.9689998626708984375 29.462999343872070312 34.215999603271484375 31.167999267578125 14.517000198364257812 -20.100000381469726562 -20.399999618530273438 36.328998565673828125 62.271999359130859375 50.9850006103515625 54.701000213623046875 29.895000457763671875 -19.299999237060546875 -23.100000381469726562 -30.253000259399414062 -39.948001861572265625 -46.97499847412109375 -80.90000152587890625 -126.6999969482421875 -112.84999847412109375 -103.84999847412109375 -93.9499969482421875
-29.450000762939453125 -28.700000762939453125 -27.049999237060546875 -26.200000762939453125 -26.25 -23.950000762939453125 -24.549999237060546875 -22.149999618530273438 -19.799999237060546875 -15.935000419616699219 -17.785999298095703125 -22.065999984741210938 -23.468000411987304688 -16.577999114990234375 -11.020999908447265625 -4.798999786376953125 13.31999969482421875 24.795000076293945312 14.6660003662109375 4.3460001945495605469 16.934999465942382812 50.43199920654296875 75.09600067138671875 96.52300262451171875 125.1009979248046875 120.457000732421875 78.49700164794921875 106.93399810791015625 166.6739959716796875 176.031005859375 173.891998291015625 157.52099609375 120.878997802734375 79.022003173828125 61.45600128173828125 -0.93699997663497924805 -66.8000030517578125 -66.8000030517578125 -75.09999847412109375 -106.3000030517578125 -102.40000152587890625 -92.59999847412109375 -84.8000030517578125
-27.700000762939453125 -27.149999618530273438 -26 -24.549999237060546875 -24.700000762939453125 -21.100000381469726562 -20.100000381469726562 -19.325000762939453125 -17.853000640869140625 -10.019000053405761719 -6.3499999046325683594 -7.4990000724792480469 14.767999649047851562 40.46900177001953125 47.51200103759765625 52.516998291015625 70.60399627685546875 81.5670013427734375 60.7220001220703125 37.91500091552734375 33.007999420166015625 39.02899932861328125 50.73799896240234375 73.05899810791015625 100.9759979248046875 91.944000244140625 55.462001800537109375 52.28099822998046875 51.93399810791015625 57.020000457763671875 83.634002685546875 78.07700347900390625 49.034000396728515625 58.561000823974609375 56.14099884033203125 -10.274999618530273438 -53.200000762939453125 -53.08499908447265625 -63.09999847412109375 -78.5500030517578125 -80.84999847412109375 -82.84999847412109375 -77
-26.299999237060546875 -25.649999618530273438 -25.25 -24.950000762939453125 -22.641000747680664062 -18.163999557495117188 -18.215999603271484375 -13.482000350952148438 -3.2820000648498535156 25.940999984741210938 49.745998382568359375 55.15599822998046875 80.552001953125 108.11699676513671875 118.29199981689453125 117.75499725341796875 113.26300048828125 103.48799896240234375 82.97499847412109375 60.576000213623046875 31.9720001220703125 10.319000244140625 9.0030002593994140625 11.286000251770019531 18.41500091552734375 5.1399998664855957031 -31.186000823974609375 -37.457000732421875 -37.200000762939453125 -37.212001800537109375 -7.0520000457763671875 -0.067000001668930053711 -5.1090002059936523438 2.6380000114440917969 -16.5970001220703125 -49.904998779296875 -52.5 -52.40000152587890625 -52.15000152587890625 -66.8000030517578125 -61.549999237060546875 -68.1999969482421875 -65.5
-26.350000381469726562 -26.450000762939453125 -25.549999237060546875 -25.700000762939453125 -26.5 -26.5 -21.089000701904296875 -3.5050001144409179688 39.101001739501953125 84.9120025634765625 105.85700225830078125 112.7220001220703125 118.07399749755859375 132.4219970703125 131.5050048828125 129.845001220703125 126.67400360107421875 105.82199859619140625 75.072998046875 29.239000320434570312 1.2849999666213989258 -7.409999847412109375 -19.367000579833984375 -28.163999557495117188 -29.792999267578125 -30.159000396728515625 -30.132999420166015625 -38.59999847412109375 -37.950000762939453125 -38.266998291015625 -36.84600067138671875 -15.730999946594238281 -5.2979998588562011719 1.863000035285949707 11.689000129699707031 -17.201000213623046875 -55.547000885009765625 -51.880001068115234375 -47.953998565673828125 -61.462001800537109375 -57.0670013427734375 -51.549999237060546875 -51.90000152587890625
