examples/models/asc/GEBCO_2019_-7.0_58.0_-5.5_56.5_ESRIASCII.asc
ncols        360
nrows        360
xllcorner    -7.000000000000
yllcorner    56.500000000000
cellsize     0.004166666667
NODATA_value 9.9692099683868690468e+36
[rows 133 to 151 of 360, columns 172 to 214 of 360]
25.773000717163085938 31.22299957275390625 41.104999542236328125 48.022998809814453125 50.53099822998046875 56.78099822998046875 69.60900115966796875 87.22699737548828125 101.41400146484375 107.14099884033203125 110.378997802734375 117.85900115966796875 129.75799560546875 133.042999267578125 124.371002197265625 121.47299957275390625 131.417999267578125 147.9730072021484375 170.917999267578125 210.7270050048828125 250.6049957275390625 240.6089935302734375 172.75799560546875 129.4530029296875 137.613006591796875 154.03900146484375 191.25 227.035003662109375 256.4840087890625 300.753997802734375 336.308990478515625 291.093994140625 163.1660003662109375 51.980998992919921875 -48.37200164794921875 -111.01300048828125 -119.90599822998046875 -128.3350067138671875 -127.272003173828125 -117.69899749755859375 -113.2559967041015625 -114.26999664306640625 -113.46199798583984375
37.542999267578125 31.797000885009765625 31.422000885009765625 39.077999114990234375 45.81600189208984375 51.53900146484375 57.40599822998046875 67.97299957275390625 80.91400146484375 89.56600189208984375 97.60199737548828125 106.60900115966796875 113.15200042724609375 112.26599884033203125 102.30500030517578125 95.9530029296875 103.14499664306640625 117.5 132.3159942626953125 155.0269927978515625 182.2700042724609375 187.7270050048828125 159.160003662109375 126.01599884033203125 131.636993408203125 165.6089935302734375 207.074005126953125 250.4839935302734375 287.38299560546875 321.85198974609375 356.464996337890625 268.795013427734375 100.36100006103515625 27.849000930786132812 -44.53900146484375 -112.00499725341796875 -120.84100341796875 -126.9980010986328125 -123.09400177001953125 -115.802001953125 -112.91500091552734375 -110.4759979248046875 -107.20400238037109375
56.629001617431640625 44.48799896240234375 35.625 38.425998687744140625 42.227001190185546875 43.797000885009765625 43.08599853515625 44.01200103759765625 47.077999114990234375 50.36299896240234375 56.72299957275390625 64.25 65.80899810791015625 67.41400146484375 68.93399810791015625 67.542999267578125 70.464996337890625 80.910003662109375 92.035003662109375 102.65200042724609375 119.5630035400390625 136.5980072021484375 145.832000732421875 125.871002197265625 123.74199676513671875 163.707000732421875 200.496002197265625 235.5229949951171875 269.3590087890625 300.18798828125 333.24200439453125 255.3179931640625 93.21199798583984375 -17.798000335693359375 -89.93000030517578125 -120.58899688720703125 -126.3170013427734375 -131.1660003662109375 -126.74199676513671875 -118.71700286865234375 -115.37000274658203125 -112.167999267578125 -106.33499908447265625
76.4530029296875 68.32399749755859375 54.52700042724609375 49.51599884033203125 46.977001190185546875 43.479999542236328125 42.31600189208984375 41.68000030517578125 42.207000732421875 43.47299957275390625 43.23799896240234375 44.34799957275390625 46.76200103759765625 49.90200042724609375 52.707000732421875 52.28099822998046875 51.477001190185546875 54.245998382568359375 60.84799957275390625 68.18399810791015625 81.582000732421875 98.8130035400390625 107.64099884033203125 102.80100250244140625 109.85500335693359375 142.11700439453125 173.968994140625 204.7339935302734375 244.50799560546875 280.74200439453125 312.363006591796875 260.774993896484375 108.1100006103515625 -51.143001556396484375 -124.552001953125 -124.15799713134765625 -127.52300262451171875 -131.238006591796875 -129.5709991455078125 -122.93900299072265625 -118.06099700927734375 -113.35700225830078125 -104.68399810791015625
85.42600250244140625 90.89099884033203125 83.11299896240234375 69.339996337890625 59.522998809814453125 54.34400177001953125 52.40599822998046875 50.10900115966796875 44.104999542236328125 42.492000579833984375 45.52700042724609375 47.90200042724609375 49.332000732421875 48.53900146484375 47.52700042724609375 47.187999725341796875 47.03099822998046875 47.46099853515625 47.659999847412109375 49.59799957275390625 57.81600189208984375 72.121002197265625 80.253997802734375 84.78900146484375 95.8280029296875 115.39499664306640625 136.2030029296875 162.88299560546875 201.121002197265625 237.2969970703125 242.5449981689453125 164.1719970703125 33.55699920654296875 -67.641998291015625 -109.9530029296875 -116.1060028076171875 -116.91899871826171875 -118.21600341796875 -119.89499664306640625 -118.93000030517578125 -117.332000732421875 -114.87599945068359375 -104.8899993896484375
97.97699737548828125 119.5630035400390625 121.82399749755859375 100.98799896240234375 82.14499664306640625 71.6719970703125 70.78900146484375 72.371002197265625 62.937999725341796875 49.199001312255859375 45.645000457763671875 48.917999267578125 49.187999725341796875 45.852001190185546875 44.03900146484375 42.26599884033203125 41.15200042724609375 41.172000885009765625 38.147998809814453125 40.867000579833984375 47.979999542236328125 55.245998382568359375 63.699001312255859375 75.02300262451171875 89.02700042724609375 102.24199676513671875 109.875 104.06999969482421875 99.62799835205078125 107.625 84.17099761962890625 19.950000762939453125 -41.213001251220703125 -82.6179962158203125 -103.25800323486328125 -111.28600311279296875 -110.9720001220703125 -109.82599639892578125 -111.9219970703125 -113.5749969482421875 -113.9420013427734375 -112.259002685546875 -103.03600311279296875
117.75 139.42999267578125 159.3159942626953125 163.41400146484375 139.5 104.9219970703125 96.94499969482421875 113.746002197265625 132.4380035400390625 119.621002197265625 85.21900177001953125 63.792999267578125 59.925998687744140625 55.617000579833984375 49.797000885009765625 49.707000732421875 44.979999542236328125 32.409999847412109375 26.125 35.21099853515625 45.397998809814453125 44.979999542236328125 39.70800018310546875 50.687999725341796875 77.6699981689453125 107.7480010986328125 94.51799774169921875 34.839000701904296875 0.88800001144409179688 -6.6149997711181640625 -20.315000534057617188 -33.08300018310546875 -49.601001739501953125 -76.52100372314453125 -96.62200164794921875 -106.24700164794921875 -105.96700286865234375 -101.6750030517578125 -103.25499725341796875 -109.28399658203125 -110.39499664306640625 -105.5070037841796875 -96.694000244140625
132.5980072021484375 142.4839935302734375 167.0780029296875 202.19500732421875 202.574005126953125 159.24200439453125 130.4839935302734375 148.8159942626953125 190.3950042724609375 200.886993408203125 161.5780029296875 119.917999267578125 119.65200042724609375 118.66400146484375 93.410003662109375 70.23400115966796875 52.64099884033203125 39.022998809814453125 26.427999496459960938 23.591999053955078125 26.868999481201171875 28.993999481201171875 22.194000244140625 15.546999931335449219 23.809999465942382812 63.981998443603515625 49.338001251220703125 -11.095000267028808594 -26.426000595092773438 -34.479000091552734375 -30.996999740600585938 -25.511999130249023438 -37.44699859619140625 -66.35399627685546875 -95.9980010986328125 -103.0780029296875 -98.2519989013671875 -97.06999969482421875 -101.878997802734375 -109.60500335693359375 -110.44699859619140625 -102.83499908447265625 -91.81600189208984375
145.8130035400390625 152.6840057373046875 163.050994873046875 191.6909942626953125 219.63299560546875 216.6479949951171875 188.488006591796875 176.91400146484375 200.339996337890625 226.5630035400390625 224.488006591796875 200.214996337890625 193.6089935302734375 194.8480072021484375 170.2969970703125 127.121002197265625 87.128997802734375 60.76200103759765625 40.48400115966796875 19.906999588012695312 7.4569997787475585938 4.9670000076293945312 2.3250000476837158203 -3.0369999408721923828 -15.673999786376953125 -7.5009999275207519531 -10.928999900817871094 -26.552000045776367188 -22.451000213623046875 -24.80699920654296875 -14.5 -1.0190000534057617188 -2.5190000534057617188 -22.70800018310546875 -47.853000640869140625 -59.93199920654296875 -69.9929962158203125 -83.48999786376953125 -97.82700347900390625 -113.417999267578125 -115.93499755859375 -102.733001708984375 -85.7740020751953125
165.1880035400390625 178.96099853515625 185.574005126953125 199.011993408203125 225.121002197265625 249.6089935302734375 239.214996337890625 211.7339935302734375 216.667999267578125 244.8979949951171875 268.667999267578125 264.19500732421875 241.2299957275390625 233.718994140625 240.886993408203125 233.031005859375 185.0630035400390625 124.61299896240234375 80.31600189208984375 37.9029998779296875 9.2950000762939453125 -8.3870000839233398438 -18.29000091552734375 -13.133999824523925781 1.6740000247955322266 -6.701000213623046875 -22.851999282836914062 -7.7610001564025878906 22.190999984741210938 31.590000152587890625 29.961000442504882812 56.34999847412109375 84.5930023193359375 91.5500030517578125 61.231998443603515625 9.4049997329711914062 -29.743000030517578125 -53.772998809814453125 -72.14099884033203125 -87.03399658203125 -97.16100311279296875 -101.51300048828125 -90.29399871826171875
173.4380035400390625 199.031005859375 212.531005859375 224.1020050048828125 249.5469970703125 273.656005859375 267.464996337890625 240.28900146484375 236.535003662109375 260.332000732421875 289.30499267578125 298.69500732421875 280.863006591796875 274.968994140625 297.925994873046875 310.824005126953125 271.156005859375 193.3280029296875 121.53099822998046875 53.313999176025390625 12.34799957275390625 -5.8470001220703125 -20.561000823974609375 -10.574999809265136719 22.910999298095703125 33.90399932861328125 27.497999191284179688 47.479000091552734375 86.89099884033203125 109.19899749755859375 111.8769989013671875 145.64599609375 194.8589935302734375 203.78399658203125 156.3979949951171875 76.2129974365234375 9.0920000076293945312 -30.58499908447265625 -53.088001251220703125 -59.199001312255859375 -74.78600311279296875 -93.81500244140625 -89.8899993896484375
158.86700439453125 186.343994140625 212.5780029296875 242.3130035400390625 280.519989013671875 307.503997802734375 303.652008056640625 277.55499267578125 258.8909912109375 263.386993408203125 288.94500732421875 325.343994140625 347.957000732421875 346.031005859375 337.46099853515625 326.656005859375 288.925994873046875 205.957000732421875 118.64299774169921875 43.258998870849609375 8.451999664306640625 7.6649999618530273438 0.092000000178813934326 11.213999748229980469 37.15200042724609375 61.009998321533203125 78.1360015869140625 89.48999786376953125 102.03600311279296875 126.51399993896484375 160.343994140625 197.1719970703125 238.761993408203125 261.035003662109375 226.42999267578125 155.4320068359375 78.61699676513671875 12.434000015258789062 -37.27899932861328125 -59.714000701904296875 -79.66400146484375 -98.917999267578125 -88.5500030517578125
141.2660064697265625 169.3130035400390625 206.67999267578125 254.660003662109375 299.714996337890625 324.542999267578125 328.621002197265625 321.957000732421875 304.199005126953125 295.042999267578125 316.16400146484375 358.402008056640625 385.75 368.31298828125 336.61700439453125 310.058990478515625 258.7030029296875 174.8090057373046875 80.90599822998046875 15.862000465393066406 3.4089999198913574219 17.667999267578125 25.690000534057617188 27.476999282836914062 38.1790008544921875 55.562999725341796875 69.63700103759765625 78.26999664306640625 89.78099822998046875 107.9219970703125 144.7270050048828125 192.207000732421875 264.378997802734375 326.80499267578125 298.300994873046875 213.77099609375 129.4340057373046875 60.672000885009765625 -8.6289997100830078125 -49.15599822998046875 -71.43900299072265625 -92.003997802734375 -85.31800079345703125
123.875 151.035003662109375 189.83599853515625 235.9380035400390625 269.05499267578125 289.0159912109375 305.82000732421875 330.949005126953125 352.269989013671875 354.21099853515625 352.5 348.468994140625 327.878997802734375 303.449005126953125 288.81298828125 270.11700439453125 218.011993408203125 143.38299560546875 60.09799957275390625 6.0560002326965332031 8.3979997634887695312 26.176000595092773438 35.341999053955078125 35.18000030517578125 36.68000030517578125 41.36299896240234375 47.562999725341796875 56.65599822998046875 77.82399749755859375 96.14800262451171875 126.73400115966796875 177.6020050048828125 261.105010986328125 340.10198974609375 323.7030029296875 226.878997802734375 132.82000732421875 59.868000030517578125 2.1170001029968261719 -29.808000564575195312 -54.16400146484375 -67.22100067138671875 -67.17099761962890625
103.72699737548828125 117.746002197265625 147.343994140625 187.917999267578125 224.621002197265625 261.14801025390625 303.1409912109375 338.964996337890625 364.636993408203125 369.707000732421875 344.644989013671875 300.730010986328125 259.42999267578125 239.28900146484375 231.949005126953125 221.4219970703125 182.44500732421875 128.457000732421875 70.94499969482421875 19.968999862670898438 15.93000030517578125 33.22299957275390625 41.71099853515625 44.227001190185546875 46.03900146484375 48.477001190185546875 51.672000885009765625 51.542999267578125 56.55899810791015625 71.55100250244140625 103.0469970703125 150.121002197265625 193.3090057373046875 243.6479949951171875 264.878997802734375 202.386993408203125 95.34100341796875 26.186000823974609375 -7.3210000991821289062 -37.228000640869140625 -59.715999603271484375 -70.4459991455078125 -66.23200225830078125
97.035003662109375 98.35500335693359375 110.65200042724609375 141.66400146484375 184.214996337890625 239.19500732421875 310.4219970703125 347.0469970703125 340.9219970703125 329.41400146484375 310.30499267578125 284.027008056640625 265.863006591796875 242.86700439453125 214.7230072021484375 201.050994873046875 178.6410064697265625 136.8950042724609375 85.44499969482421875 38.977001190185546875 20.711000442504882812 33.242000579833984375 53.65599822998046875 63.522998809814453125 69.88300323486328125 73.05500030517578125 72.707000732421875 66.74199676513671875 53.457000732421875 51.25 62.187999725341796875 87.19100189208984375 113.46099853515625 137.535003662109375 178.9160003662109375 161.5850067138671875 62.58100128173828125 -18.462999343872070312 -59.518001556396484375 -81.41400146484375 -100.46199798583984375 -105.5780029296875 -78.58300018310546875
108.94899749755859375 107.19100189208984375 101.1880035400390625 108.86699676513671875 132.3910064697265625 166.281005859375 222.214996337890625 272.28900146484375 292.468994140625 294.56298828125 311.13299560546875 338.300994873046875 344.781005859375 320.394989013671875 272.050994873046875 226.339996337890625 197.7230072021484375 175.25 132.17999267578125 87.542999267578125 45.090000152587890625 33.71900177001953125 65.003997802734375 97.121002197265625 103.167999267578125 97.35199737548828125 104.14099884033203125 101.871002197265625 79.8130035400390625 54.465000152587890625 41.625 39.604999542236328125 49.98400115966796875 77.99199676513671875 122.43000030517578125 115.2440032958984375 28.434999465942382812 -57.5 -83.80899810791015625 -88.92400360107421875 -109.0930023193359375 -109.41500091552734375 -75.35900115966796875
138.574005126953125 127.67600250244140625 118.2030029296875 107.53099822998046875 105.35199737548828125 119.22299957275390625 141.593994140625 184.410003662109375 253.4019927978515625 300.6719970703125 332.375 363.542999267578125 357.777008056640625 344.933990478515625 316.246002197265625 247.2299957275390625 197.031005859375 184.50799560546875 162.6880035400390625 118.19100189208984375 59.520000457763671875 40.645000457763671875 71.82399749755859375 115.839996337890625 134.9340057373046875 127.15200042724609375 130.3910064697265625 132.0200042724609375 114.582000732421875 77.58599853515625 49.882999420166015625 37.26599884033203125 23.608999252319335938 23.502000808715820312 33.47499847412109375 8.6479997634887695312 -49.435001373291015625 -82.12999725341796875 -76.5670013427734375 -75.33599853515625 -84.78099822998046875 -84.32900238037109375 -56.8860015869140625
169.0229949951171875 164.535003662109375 147.925994873046875 132.38299560546875 121.542999267578125 117.55899810791015625 119.6880035400390625 138.7030029296875 191.968994140625 257.27301025390625 291.410003662109375 299.785003662109375 288.949005126953125 281.78900146484375 274.910003662109375 232.746002197265625 188.3480072021484375 164.718994140625 149.875 107.35500335693359375 52.93399810791015625 47.83599853515625 71.41400146484375 106.18000030517578125 147.824005126953125 157.75799560546875 150.011993408203125 151.5590057373046875 142.738006591796875 121.55100250244140625 90.55500030517578125 63.77700042724609375 50.34799957275390625 30.732999801635742188 -1.2130000591278076172 -45.841999053955078125 -75.12999725341796875 -83.10900115966796875 -82.01399993896484375 -74.9250030517578125 -72.5709991455078125 -68.77700042724609375 -46.6510009765625
