examples/models/asc/GEBCO_2019_-7.0_58.0_-5.5_56.5_ESRIASCII.asc
ncols        360
nrows        360
xllcorner    -7.000000000000
yllcorner    56.500000000000
cellsize     0.004166666667
NODATA_value 9.9692099683868690468e+36
[rows 19 to 37 of 360, columns 0 to 42 of 360]
37.119998931884765625 7.9730000495910644531 -9.2340002059936523438 -14.048000335693359375 -18.017999649047851562 -21.225999832153320312 -23.107000350952148438 -23.745000839233398438 -23.832000732421875 -23.417999267578125 -22.622999191284179688 -21.398000717163085938 -19.393999099731445312 -15.925000190734863281 -9.618000030517578125 -1.4309999942779541016 5.3480000495910644531 8.7119998931884765625 11.185999870300292969 12.039999961853027344 7.4959998130798339844 -0.75999999046325683594 -7.2470002174377441406 -11.449999809265136719 -18.525999069213867188 -12.168999671936035156 -5.4809999465942382812 -7.9400000572204589844 -17.840999603271484375 -26.509000778198242188 -22.160999298095703125 -17.968000411987304688 -11.225999832153320312 -0.15399999916553497314 13.385000228881835938 24.563999176025390625 66.9120025634765625 152.253997802734375 230.738006591796875 293.531005859375 334.707000732421875 361.6719970703125 375.4219970703125
77.09100341796875 31.920000076293945312 7.2129998207092285156 -4.3460001945495605469 -13.656999588012695312 -19.170999526977539062 -22.770000457763671875 -25.246000289916992188 -26.5410003662109375 -26.6529998779296875 -25.357999801635742188 -22.839000701904296875 -19.607999801635742188 -15.817000389099121094 -4.7119998931884765625 13.493000030517578125 30.004999160766601562 45.810001373291015625 54.19699859619140625 51.50099945068359375 42.131000518798828125 22.965999603271484375 10.758000373840332031 10.213000297546386719 -5.1609997749328613281 -20.392000198364257812 -20.024999618530273438 -16.996000289916992188 -32.020999908447265625 -55.199001312255859375 -52.176998138427734375 -35.477001190185546875 -22.81800079345703125 -14.696999549865722656 -1.881999969482421875 19.371000289916992188 35.285999298095703125 66.7740020751953125 120.36699676513671875 172.26800537109375 227.464996337890625 290.925994873046875 347.2659912109375
99.36499786376953125 51.93000030517578125 17.913000106811523438 -2.104000091552734375 -15.215999603271484375 -21.70999908447265625 -25.917999267578125 -28.802000045776367188 -31.006000518798828125 -31.934999465942382812 -29.478000640869140625 -23.816999435424804688 -17.33300018310546875 -9.3839998245239257812 10.112999916076660156 40.0149993896484375 70.70800018310546875 67.08899688720703125 67.375 89.67400360107421875 83.009002685546875 66.5930023193359375 70.4160003662109375 48.98699951171875 29.465999603271484375 16.329999923706054688 -11.798999786376953125 -17.142999649047851562 -24.308000564575195312 -38.841999053955078125 -42.423000335693359375 -28.8899993896484375 -19.100999832153320312 -16.122999191284179688 -7.868000030517578125 9.5229997634887695312 15.602000236511230469 23.30500030517578125 42.7779998779296875 69.322998046875 112.18399810791015625 175.3119964599609375 234.4949951171875
107.80500030517578125 56.731998443603515625 19.577999114990234375 -3.5360000133514404297 -16.672000885009765625 -25.566999435424804688 -30.118999481201171875 -31.899999618530273438 -35.270999908447265625 -40.255001068115234375 -35.845001220703125 -22.371000289916992188 -8.8809995651245117188 0.22300000488758087158 10.491000175476074219 35.6959991455078125 80.2689971923828125 106.76200103759765625 145.6490020751953125 198.930999755859375 201.9199981689453125 196.1970062255859375 209.076995849609375 142.1190032958984375 75.996002197265625 91.47299957275390625 110.0970001220703125 108.0839996337890625 58.450000762939453125 5.3169999122619628906 -1.4670000076293945312 10.394000053405761719 8.5950002670288085938 0.77499997615814208984 2.3659999370574951172 7.8010001182556152344 10.984999656677246094 22.392999649047851562 18.80500030517578125 16.976999282836914062 30.295000076293945312 45.938999176025390625 72.07399749755859375
102.52300262451171875 41.819000244140625 7.9390001296997070312 -4.5269999504089355469 -14.713000297546386719 -23.281000137329101562 -26.6959991455078125 -26.437999725341796875 -27.0970001220703125 -28.992000579833984375 -21.767999649047851562 -4.6170001029968261719 6.0240001678466796875 12.439000129699707031 25.392999649047851562 55.84600067138671875 121.7180023193359375 223.5839996337890625 323.821014404296875 387.230010986328125 409.6719970703125 397.21099853515625 361.886993408203125 259.022003173828125 149.5500030517578125 162.8509979248046875 230.886993408203125 227.7769927978515625 120.09999847412109375 19.434000015258789062 27.65399932861328125 55.519001007080078125 52.6139984130859375 47.744998931884765625 45.245998382568359375 17.259000778198242188 -5.5999999046325683594 14.619000434875488281 26.077999114990234375 37.147998809814453125 54.951999664306640625 54.29399871826171875 41.922000885009765625
57.7519989013671875 18.260000228881835938 1.9459999799728393555 -6.3159999847412109375 -15.147999763488769531 -17.79000091552734375 -17.655000686645507812 -13.993000030517578125 -8.1269998550415039062 1.113000035285949707 11.630999565124511719 25.031999588012695312 35.3899993896484375 60.867000579833984375 102.19699859619140625 137.061004638671875 189.5290069580078125 282.040985107421875 360.6409912109375 401.625 438.660003662109375 445.542999267578125 414.613006591796875 335.3590087890625 255.406005859375 259.63299560546875 309.691009521484375 308.0159912109375 199.011993408203125 118.87999725341796875 155.77099609375 157.5149993896484375 107.259002685546875 105.71399688720703125 129.67999267578125 122.6190032958984375 101.04599761962890625 75.32399749755859375 61.75099945068359375 72.19699859619140625 82.042999267578125 90.384002685546875 88.93399810791015625
16.660999298095703125 0.96899998188018798828 -3.3499999046325683594 -9.3979997634887695312 -13.324999809265136719 -12.371000289916992188 -9.8210000991821289062 -4.4939999580383300781 3.6059999465942382812 13.385999679565429688 19.0709991455078125 23.44499969482421875 43.4850006103515625 87.9680023193359375 133.792999267578125 162.1020050048828125 185.1840057373046875 216.636993408203125 239.41400146484375 258.88299560546875 293.3909912109375 334.14801025390625 376.3280029296875 385.06298828125 365.089996337890625 357.894989013671875 367.417999267578125 365.558990478515625 311.9840087890625 283.60699462890625 318.47100830078125 287.60198974609375 225.2910003662109375 221.8159942626953125 218.863006591796875 221.600006103515625 232.8979949951171875 200.16400146484375 143.7270050048828125 110.60500335693359375 97.89099884033203125 88.43599700927734375 83.6100006103515625
7.0650000572204589844 -3.7660000324249267578 -10.081000328063964844 -10.640000343322753906 -8.7939996719360351562 -6.1079998016357421875 -3.2939999103546142578 -0.29499998688697814941 4.6710000038146972656 12.588000297546386719 16.614000320434570312 17.2220001220703125 32.884998321533203125 60.534999847412109375 84.33599853515625 110.785003662109375 143.42999267578125 158.8520050048828125 158.8159942626953125 171.1479949951171875 199.582000732421875 252.406005859375 310.86700439453125 346.17999267578125 372.113006591796875 378.6409912109375 344.542999267578125 307.17999267578125 298.05499267578125 318.781005859375 362.31298828125 382.332000732421875 391.121002197265625 372.105010986328125 294.656005859375 230.488006591796875 216.83599853515625 212.9799957275390625 173.6049957275390625 133.99200439453125 118.05899810791015625 96.746002197265625 71.83499908447265625
-1.2109999656677246094 -6.2899999618530273438 -9.9530000686645507812 -9.534000396728515625 -7.4520001411437988281 -4.3150000572204589844 -1.9299999475479125977 -1.5729999542236328125 -1.4769999980926513672 3.1229999065399169922 9.9820003509521484375 17.990999221801757812 22.48600006103515625 27.382999420166015625 37.694000244140625 51.43000030517578125 82.667999267578125 112.30500030517578125 120.24199676513671875 129.0780029296875 158.582000732421875 209.593994140625 242.949005126953125 249.246002197265625 280.656005859375 310.6719970703125 282.402008056640625 233.6450042724609375 220.33599853515625 250.503997802734375 308.68798828125 375 425.371002197265625 419.1409912109375 352.91400146484375 274.125 215.917999267578125 177.9409942626953125 152.457000732421875 134.7299957275390625 123.246002197265625 117.69499969482421875 90.44100189208984375
-7.5539999008178710938 -11.175000190734863281 -12.270000457763671875 -10.345999717712402344 -8.4720001220703125 -6.2389998435974121094 -4.9600000381469726562 -7.1849999427795410156 -12.272000312805175781 -18.379999160766601562 -14.079999923706054688 0.78899997472763061523 8.6569995880126953125 14.508000373840332031 26.868999481201171875 26.090000152587890625 29.582000732421875 48.90599822998046875 70.95200347900390625 100.4380035400390625 123.80100250244140625 139.21099853515625 155.0469970703125 167.4340057373046875 202.339996337890625 257.718994140625 257.11700439453125 206.218994140625 178.46099853515625 195.7230072021484375 240.50799560546875 295.60198974609375 357.832000732421875 398.74200439453125 382.777008056640625 337.425994873046875 276.722991943359375 202.6909942626953125 142.2969970703125 112.98400115966796875 116.582000732421875 128.05499267578125 104.40200042724609375
-10.08300018310546875 -10.727999687194824219 -10.173000335693359375 -8.13899993896484375 -6.9759998321533203125 -5.6589999198913574219 -5.79199981689453125 -9.076000213623046875 -14.6660003662109375 -21.586000442504882812 -18.349000930786132812 -2.01399993896484375 9.6350002288818359375 15.390999794006347656 25.062999725341796875 24.483999252319335938 18.968000411987304688 25.760999679565429688 33.98799896240234375 49.631000518798828125 64.14499664306640625 63.7779998779296875 68.4530029296875 85.98400115966796875 134.0269927978515625 202.136993408203125 211.636993408203125 171.41400146484375 150.61700439453125 162.375 198.0659942626953125 246.8480072021484375 307.613006591796875 346.394989013671875 348.8280029296875 345.746002197265625 309.16400146484375 219.00799560546875 132.496002197265625 98.59400177001953125 104.378997802734375 110.01599884033203125 90.5149993896484375
-6.3020000457763671875 -3.4760000705718994141 -3.0629999637603759766 -2.9040000438690185547 -2.7039999961853027344 -3.8510000705718994141 -4.2119998931884765625 -5.3769998550415039062 -8.1549997329711914062 -8.4420003890991210938 -4.4619998931884765625 3.0269999504089355469 10.326999664306640625 14.675999641418457031 12.440999984741210938 11.33300018310546875 17.0410003662109375 17.135000228881835938 11.848999977111816406 14.210000038146972656 23.917999267578125 29.350999832153320312 22.74900054931640625 23.705999374389648438 50.707000732421875 86.28900146484375 106.996002197265625 111.30500030517578125 115.21099853515625 127.78099822998046875 156.2339935302734375 197.99200439453125 240.50799560546875 262.066009521484375 274.24200439453125 305.394989013671875 317.191009521484375 253.824005126953125 171.78900146484375 126.72699737548828125 102.996002197265625 100.17600250244140625 94.1829986572265625
-2.6519999504089355469 9.2790002822875976562 21.705999374389648438 15.715999603271484375 5.4479999542236328125 3.0420000553131103516 2.2630000114440917969 12.036000251770019531 24.469999313354492188 17.5149993896484375 5.875 -0.52100002765655517578 13.241000175476074219 29.5279998779296875 20.88800048828125 11.637999534606933594 8.9479999542236328125 2.7539999485015869141 1.7580000162124633789 16.98600006103515625 22.729000091552734375 22.75 20.975000381469726562 13.185999870300292969 9.715000152587890625 10.711000442504882812 27.253999710083007812 50.102001190185546875 66.746002197265625 83.27300262451171875 112.10900115966796875 148.753997802734375 176.878997802734375 196.7230072021484375 227.28900146484375 286.363006591796875 336.24200439453125 312.43798828125 257.878997802734375 207.86700439453125 138.42999267578125 97.0780029296875 92.38700103759765625
2.7990000247955322266 12.954999923706054688 24.436000823974609375 19.40399932861328125 7.5500001907348632812 4.6640000343322753906 11.598999977111816406 40.8339996337890625 65.46700286865234375 51.470001220703125 26.926000595092773438 13.001000404357910156 25.437000274658203125 59.008998870849609375 91.2440032958984375 100.7610015869140625 69.496002197265625 28.180999755859375 2.4000000953674316406 3.8159999847412109375 16.537000656127929688 30.339000701904296875 42.14099884033203125 46.519001007080078125 53.43399810791015625 50.797000885009765625 40.832000732421875 35.004001617431640625 32.80500030517578125 40.827999114990234375 64.98799896240234375 96.25 126.371002197265625 151.57000732421875 186.531005859375 255.753997802734375 306.55499267578125 301.60198974609375 293.621002197265625 267.425994873046875 196.8090057373046875 127.74199676513671875 94.02700042724609375
8.2069997787475585938 14.378999710083007812 37.214000701904296875 49.310001373291015625 30.11199951171875 8.6750001907348632812 14.328000068664550781 53.58100128173828125 92.45600128173828125 88.42800140380859375 58.745998382568359375 38.575000762939453125 44.147998809814453125 90.4329986572265625 170.302001953125 207.457000732421875 156.8589935302734375 81.28099822998046875 34.43199920654296875 11.038000106811523438 7.4089999198913574219 24.86100006103515625 48.800998687744140625 75.14800262451171875 96.47299957275390625 95.98799896240234375 88.785003662109375 78.83599853515625 55.409999847412109375 36.59799957275390625 45.090000152587890625 64.69100189208984375 83.03099822998046875 105.07399749755859375 131.1020050048828125 174.707000732421875 207.3950042724609375 224.6049957275390625 249.9019927978515625 256.55499267578125 228.871002197265625 177.628997802734375 127.19899749755859375
21.850000381469726562 52.10900115966796875 99.72299957275390625 117.292999267578125 75.69100189208984375 33.367000579833984375 27.253999710083007812 72.73400115966796875 133.13299560546875 129.386993408203125 85.7969970703125 57.800998687744140625 58.59799957275390625 94.60500335693359375 166.824005126953125 219.28900146484375 193.871002197265625 123.81999969482421875 81.23799896240234375 71.13300323486328125 51.65200042724609375 32.15200042724609375 38.604999542236328125 62.15599822998046875 83.93000030517578125 99.25 128.128997802734375 156.613006591796875 126.93399810791015625 64.60199737548828125 52.26599884033203125 84.9380035400390625 99.332000732421875 92.39800262451171875 94.94100189208984375 105.3130035400390625 119.957000732421875 149.6020050048828125 188.636993408203125 218.82000732421875 218.968994140625 184.707000732421875 141.8159942626953125
29.29000091552734375 77.98799896240234375 108.63899993896484375 100.285003662109375 70.707000732421875 55.104999542236328125 62.909999847412109375 110.35900115966796875 174.781005859375 175.53900146484375 119.542999267578125 78.93000030517578125 75.05899810791015625 99.875 150.113006591796875 193.9770050048828125 192.9219970703125 147.21099853515625 107.25 108.42600250244140625 114.38700103759765625 113.67600250244140625 126.69899749755859375 109.48400115966796875 69.51200103759765625 71.27300262451171875 119.9219970703125 185.964996337890625 181.50799560546875 119.51599884033203125 79.18000030517578125 97.167999267578125 144.07000732421875 140.074005126953125 111.89800262451171875 94.89800262451171875 91.85500335693359375 108.89099884033203125 135.339996337890625 165.28900146484375 183.16400146484375 168.7299957275390625 132.80499267578125
12.444000244140625 35.40599822998046875 44.83599853515625 33.772998809814453125 43.30500030517578125 83.625 123.44100189208984375 155.457000732421875 204.300994873046875 227.8979949951171875 168.21099853515625 102.68000030517578125 92.26200103759765625 123 171.035003662109375 186.25799560546875 170.8520050048828125 151.8589935302734375 133.9409942626953125 120.31600189208984375 129.968994140625 170.746002197265625 220.8280029296875 229.7299957275390625 184.246002197265625 160.7729949951171875 141.003997802734375 128.464996337890625 131.11700439453125 120.38300323486328125 89.28900146484375 64.55100250244140625 101.59400177001953125 133.781005859375 132.0590057373046875 116.02300262451171875 98.59400177001953125 94.7030029296875 95.05500030517578125 107.25800323486328125 131.800994873046875 148.003997802734375 139.6410064697265625
10.524999618530273438 18.520000457763671875 28.02700042724609375 27.792999267578125 48.56999969482421875 106.19899749755859375 165.0980072021484375 204.449005126953125 248.0659942626953125 288.00799560546875 248.2339935302734375 154.593994140625 113.628997802734375 145.3159942626953125 195.4019927978515625 194.82000732421875 161.035003662109375 152.496002197265625 165.3549957275390625 178.17999267578125 165.246002197265625 160.4799957275390625 211.035003662109375 286.156005859375 306.230010986328125 280.035003662109375 228.1880035400390625 154.6479949951171875 102.69499969482421875 77.23799896240234375 57.797000885009765625 33.882999420166015625 32.35900115966796875 55.15200042724609375 73.30899810791015625 72.03900146484375 67.082000732421875 75.1719970703125 83.05899810791015625 80.81999969482421875 88.34799957275390625 114.3119964599609375 146.214996337890625
