examples/models/asc/GEBCO_2019_-7.0_58.0_-5.5_56.5_ESRIASCII.asc
ncols        360
nrows        360
xllcorner    -7.000000000000
yllcorner    56.500000000000
cellsize     0.004166666667
NODATA_value 9.9692099683868690468e+36
[rows 76 to 94 of 360, columns 86 to 128 of 360]
-76.9499969482421875 -82.3000030517578125 -93.15000152587890625 -94.5500030517578125 -91.5500030517578125 -88.65000152587890625 -84.8000030517578125 -82.9499969482421875 -86.1999969482421875 -85.75 -84.8000030517578125 -85.40000152587890625 -86.9499969482421875 -89.59999847412109375 -91.25 -94.40000152587890625 -94.90000152587890625 -97.1999969482421875 -99.3000030517578125 -100.3000030517578125 -100.90000152587890625 -99.9499969482421875 -99.9499969482421875 -97.6999969482421875 -97.3000030517578125 -95.75 -92.6999969482421875 -91.0500030517578125 -90.5 -89.5 -89.0500030517578125 -87.34999847412109375 -87.1999969482421875 -88.4499969482421875 -88.59999847412109375 -86.40000152587890625 -84.15000152587890625 -86.5 -86.3000030517578125 -84.6999969482421875 -88.8000030517578125 -92.25 -88.3000030517578125
-93.5500030517578125 -90.90000152587890625 -93.1999969482421875 -92.1999969482421875 -88.3000030517578125 -85.59999847412109375 -85.5 -85.65000152587890625 -83 -82.3000030517578125 -81.5500030517578125 -82.34999847412109375 -82.59999847412109375 -82.8000030517578125 -83.65000152587890625 -82.84999847412109375 -84.59999847412109375 -84.4499969482421875 -82.5 -82.5500030517578125 -82.34999847412109375 -80.75 -83.5 -87.9499969482421875 -86.75 -85.90000152587890625 -86.4499969482421875 -86.4499969482421875 -86.9499969482421875 -86.90000152587890625 -86.90000152587890625 -86.5500030517578125 -88.59999847412109375 -89.8000030517578125 -87.3000030517578125 -86.4499969482421875 -87.0500030517578125 -89.5500030517578125 -89.8000030517578125 -88.84999847412109375 -86.5 -86.75 -83.65000152587890625
-94.15000152587890625 -91.3000030517578125 -90.09999847412109375 -87.8000030517578125 -86.4499969482421875 -83.3000030517578125 -81.09999847412109375 -80.9499969482421875 -80 -79.09999847412109375 -79.09999847412109375 -78.6999969482421875 -78.75 -79.59999847412109375 -79.75 -80.5 -77.9499969482421875 -75.40000152587890625 -69.65000152587890625 -65.9499969482421875 -63.34999847412109375 -63.450000762939453125 -64.65000152587890625 -70.5 -76.5 -79.34999847412109375 -81.90000152587890625 -83.09999847412109375 -85.09999847412109375 -86.4499969482421875 -87.09999847412109375 -89.90000152587890625 -89.84999847412109375 -89.09999847412109375 -88.0500030517578125 -89.6999969482421875 -91.59999847412109375 -92.5500030517578125 -88.75 -86.0500030517578125 -84.90000152587890625 -82.5 -83.5500030517578125
-85.0500030517578125 -85.5 -86.15000152587890625 -84.84999847412109375 -81.90000152587890625 -81.65000152587890625 -79.4499969482421875 -77.8000030517578125 -77.3000030517578125 -78.9499969482421875 -79.40000152587890625 -79.59999847412109375 -79.09999847412109375 -79.8000030517578125 -78.90000152587890625 -74.1999969482421875 -71.65000152587890625 -66.90000152587890625 -63.200000762939453125 -58.549999237060546875 -56.049999237060546875 -53.299999237060546875 -55.09999847412109375 -56.25 -58.799999237060546875 -69.65000152587890625 -76.1999969482421875 -80.59999847412109375 -83.65000152587890625 -89.34999847412109375 -91.09999847412109375 -89.5500030517578125 -87.8000030517578125 -91 -91.15000152587890625 -93.3000030517578125 -94.84999847412109375 -94.25 -93.25 -89.5500030517578125 -87.5500030517578125 -86.9499969482421875 -84.4499969482421875
-75.75 -78.40000152587890625 -78.1999969482421875 -80.5500030517578125 -81.90000152587890625 -81.6999969482421875 -77.59999847412109375 -76.84999847412109375 -78.6999969482421875 -78.75 -79.4499969482421875 -80 -80.5500030517578125 -78.34999847412109375 -74.34999847412109375 -73 -70.4499969482421875 -66.1999969482421875 -63.799999237060546875 -57.09999847412109375 -54.15000152587890625 -53.549999237060546875 -52.84999847412109375 -52.950000762939453125 -57.200000762939453125 -64.3000030517578125 -74.4499969482421875 -79.1999969482421875 -86.40000152587890625 -88.25 -88.5 -86.15000152587890625 -88.15000152587890625 -90 -93.25 -94.65000152587890625 -95.1999969482421875 -91.40000152587890625 -88.3000030517578125 -90.5500030517578125 -92.34999847412109375 -88.5500030517578125 -86.6999969482421875
-47.049999237060546875 -49.949001312255859375 -69.0500030517578125 -76.75 -75.09999847412109375 -76.15000152587890625 -76.84999847412109375 -79.1999969482421875 -79.5 -78.75 -79.90000152587890625 -80.6999969482421875 -79.59999847412109375 -77.0500030517578125 -72.3000030517578125 -68.8000030517578125 -67.65000152587890625 -62.65000152587890625 -59.200000762939453125 -56.700000762939453125 -52.299999237060546875 -50.34999847412109375 -49.950000762939453125 -52.700000762939453125 -58.40000152587890625 -64.15000152587890625 -76.3000030517578125 -82.09999847412109375 -85.40000152587890625 -86.65000152587890625 -89.90000152587890625 -89.15000152587890625 -90.5500030517578125 -95.15000152587890625 -93.90000152587890625 -91.6999969482421875 -93.34999847412109375 -92.25 -90.59999847412109375 -88.9499969482421875 -86.5500030517578125 -84.1999969482421875 -87.0500030517578125
-63.450000762939453125 -46.34999847412109375 -44.148998260498046875 -65.75 -69.3000030517578125 -73.1999969482421875 -78.65000152587890625 -81.9499969482421875 -79.0500030517578125 -78.40000152587890625 -81.34999847412109375 -79.5500030517578125 -76.84999847412109375 -77.84999847412109375 -74.1999969482421875 -66.6999969482421875 -66.15000152587890625 -62.700000762939453125 -58.84999847412109375 -51.700000762939453125 -49.90000152587890625 -50.34999847412109375 -49.34999847412109375 -52.75 -59.75 -66.15000152587890625 -76.9499969482421875 -80.5 -81.75 -85.84999847412109375 -89.90000152587890625 -93.15000152587890625 -92.0500030517578125 -93 -91.34999847412109375 -89 -87.84999847412109375 -89.8000030517578125 -90.15000152587890625 -85.59999847412109375 -84.09999847412109375 -84.65000152587890625 -86.34999847412109375
-74.0500030517578125 -66.8000030517578125 -59.200000762939453125 -50.299999237060546875 -60.799999237060546875 -68.34999847412109375 -73.25 -77.90000152587890625 -83.59999847412109375 -83.59999847412109375 -85.15000152587890625 -81.25 -86.34999847412109375 -88.3000030517578125 -77.0500030517578125 -61.049999237060546875 -58.299999237060546875 -55.90000152587890625 -50.299999237060546875 -52.34999847412109375 -49 -46.09999847412109375 -48.15000152587890625 -58.84999847412109375 -63.90000152587890625 -68.40000152587890625 -72.9499969482421875 -77.75 -81.75 -86 -89.5500030517578125 -92.90000152587890625 -92.9499969482421875 -91.9499969482421875 -90.0500030517578125 -88.75 -89 -88.40000152587890625 -83.25 -81.90000152587890625 -83.75 -85.3000030517578125 -87.4499969482421875
-97.1999969482421875 -89.6999969482421875 -86 -80.5 -61.299999237060546875 -60.40000152587890625 -75.8000030517578125 -82.75 -87.8000030517578125 -93.4499969482421875 -93.6999969482421875 -91.25 -92.4499969482421875 -89.09999847412109375 -78.09999847412109375 -55.34999847412109375 -45.15000152587890625 -46.09999847412109375 -48.65000152587890625 -50.90000152587890625 -45.34999847412109375 -47.200000762939453125 -51.450000762939453125 -56.450000762939453125 -60.09999847412109375 -66.4499969482421875 -69.75 -74.34999847412109375 -79.15000152587890625 -81.5500030517578125 -82.0500030517578125 -83.5500030517578125 -82.1999969482421875 -84.0500030517578125 -84.9499969482421875 -87 -88.15000152587890625 -86.0500030517578125 -86.9499969482421875 -84.90000152587890625 -80.15000152587890625 -79.65000152587890625 -79.75
-109.0500030517578125 -106.75 -95.3509979248046875 -86.4499969482421875 -81.34999847412109375 -84.65000152587890625 -87.09999847412109375 -89.59999847412109375 -90.3000030517578125 -91.5 -91.9499969482421875 -95.0500030517578125 -94.5 -88 -78.75 -68.4499969482421875 -42.5 -41.799999237060546875 -45.59999847412109375 -51.799999237060546875 -54.549999237060546875 -52.299999237060546875 -53.40000152587890625 -56.799999237060546875 -61.049999237060546875 -63.700000762939453125 -67.6999969482421875 -73.15000152587890625 -74.75 -72.5500030517578125 -74.5 -86.4499969482421875 -83.34999847412109375 -84.59999847412109375 -84.5 -87.09999847412109375 -90.8000030517578125 -87.40000152587890625 -80.25 -74.84999847412109375 -71.25 -72.90000152587890625 -72.90000152587890625
-119.84999847412109375 -117.59999847412109375 -112 -107.4499969482421875 -106.09999847412109375 -108.0500030517578125 -103.84999847412109375 -98.8000030517578125 -97.65000152587890625 -92.75 -91.25 -86.65000152587890625 -80.6999969482421875 -76.59999847412109375 -74.40000152587890625 -67 -60.25 -48.5 -37.299999237060546875 -52 -59.549999237060546875 -59.34999847412109375 -56.450000762939453125 -60.5 -65.90000152587890625 -64.6999969482421875 -68.65000152587890625 -71.6999969482421875 -72.5500030517578125 -71.3000030517578125 -72.40000152587890625 -77.1999969482421875 -81.09999847412109375 -79 -77 -77.15000152587890625 -76.65000152587890625 -74.8000030517578125 -72.9499969482421875 -69.6999969482421875 -70.59999847412109375 -72.25 -74.59999847412109375
-127.75 -123.9499969482421875 -118.09999847412109375 -117.90000152587890625 -117.84999847412109375 -115.4499969482421875 -111.09999847412109375 -106.8000030517578125 -103.15000152587890625 -98.84999847412109375 -92.8000030517578125 -87.8000030517578125 -82.25 -80.40000152587890625 -74.75 -67.09999847412109375 -61.700000762939453125 -55.84999847412109375 -49.40000152587890625 -49.25 -56.200000762939453125 -54.549999237060546875 -53.8489990234375 -57.049999237060546875 -61.450000762939453125 -58.34999847412109375 -55.700000762939453125 -61.450000762939453125 -66.4499969482421875 -70.1999969482421875 -73.1999969482421875 -76.15000152587890625 -80.84999847412109375 -80.84999847412109375 -79.0500030517578125 -81 -80.8000030517578125 -85.0500030517578125 -84.3000030517578125 -79.75 -75.3000030517578125 -79.84999847412109375 -81.9499969482421875
-129.8000030517578125 -125.1999969482421875 -119 -124.40000152587890625 -119.25 -113.3000030517578125 -105.75 -101.3000030517578125 -97.40000152587890625 -92.40000152587890625 -87.0500030517578125 -86.75 -82.84999847412109375 -80.75 -77.4499969482421875 -72.40000152587890625 -69.25 -67.4499969482421875 -64.65000152587890625 -46.700000762939453125 -53.34999847412109375 -43.950000762939453125 -36.200000762939453125 -29.5 -34.200000762939453125 -51.049999237060546875 -56.09999847412109375 -56.09999847412109375 -56.59999847412109375 -60.5 -67.3000030517578125 -71.65000152587890625 -72.40000152587890625 -68.84999847412109375 -67.59999847412109375 -72.09999847412109375 -76.90000152587890625 -82.5500030517578125 -81.40000152587890625 -72.1999969482421875 -67 -73.84999847412109375 -76.25
-131.4499969482421875 -126.25 -122.25 -119.34999847412109375 -114.40000152587890625 -108.25 -98.25 -95.1999969482421875 -95.1999969482421875 -90.75 -86.90000152587890625 -83.3000030517578125 -80.34999847412109375 -80.1999969482421875 -79 -76.9499969482421875 -75.65000152587890625 -76.5500030517578125 -69.6999969482421875 -63.950000762939453125 -57.549999237060546875 -49 -44.799999237060546875 -43.5 -37.450000762939453125 -43.450000762939453125 -46.34999847412109375 -49.09999847412109375 -56.09999847412109375 -58.700000762939453125 -62.09999847412109375 -79.65000152587890625 -73.6999969482421875 -69.3000030517578125 -65.0500030517578125 -68.1999969482421875 -70.5500030517578125 -74.59999847412109375 -73.1999969482421875 -68 -68.09999847412109375 -76.15000152587890625 -79.34999847412109375
-128.9499969482421875 -123.8000030517578125 -121.09999847412109375 -112.8000030517578125 -103.8000030517578125 -98.84999847412109375 -97.84999847412109375 -93.5500030517578125 -88.75 -84.9499969482421875 -87.34999847412109375 -87.40000152587890625 -89.84999847412109375 -89.4499969482421875 -88.65000152587890625 -83.84999847412109375 -81.5 -76.8000030517578125 -67.65000152587890625 -60.75 -53.200000762939453125 -45.950000762939453125 -51.25 -52.049999237060546875 -41.799999237060546875 -41.40000152587890625 -50.200000762939453125 -41.15000152587890625 -40.200000762939453125 -47.40000152587890625 -45.84999847412109375 -70.4499969482421875 -71 -73.34999847412109375 -67.90000152587890625 -72.09999847412109375 -80.6999969482421875 -78.59999847412109375 -73.9499969482421875 -70.0500030517578125 -69.5500030517578125 -72.8000030517578125 -81.25
-124.15000152587890625 -117.6999969482421875 -111.1999969482421875 -104.40000152587890625 -98 -89.5 -87.15000152587890625 -86.8000030517578125 -86.4499969482421875 -89.65000152587890625 -88.90000152587890625 -81.25 -78.9499969482421875 -83.5500030517578125 -87.1999969482421875 -80.5500030517578125 -75.90000152587890625 -73.34999847412109375 -67.4499969482421875 -58.700000762939453125 -54.90000152587890625 -46.799999237060546875 -52.450000762939453125 -48 -42.09999847412109375 -39.049999237060546875 -41.799999237060546875 -46.40000152587890625 -41.601001739501953125 -59.950000762939453125 -61.049999237060546875 -63.950000762939453125 -39.09999847412109375 -48.799999237060546875 -49.700000762939453125 -53.90000152587890625 -69.6999969482421875 -72.90000152587890625 -71.4499969482421875 -70 -70.65000152587890625 -68.09999847412109375 -71.3000030517578125
-110.0500030517578125 -93.04900360107421875 -90 -92.65000152587890625 -91.65000152587890625 -90.9499969482421875 -84.5500030517578125 -62.148998260498046875 -78.74900054931640625 -88.6999969482421875 -93.09999847412109375 -88.09999847412109375 -82.1999969482421875 -80.25 -79.5 -72.84999847412109375 -78.4499969482421875 -80.5500030517578125 -71.6999969482421875 -60.84999847412109375 -50 -33.700000762939453125 -37.450000762939453125 -38.65000152587890625 -33.950000762939453125 -36.59999847412109375 -41.700000762939453125 -44 -50.15000152587890625 -60.59999847412109375 -60.75 -60.200000762939453125 -47.15000152587890625 -40.450000762939453125 -56 -56.549999237060546875 -63.09999847412109375 -68.6999969482421875 -69.6999969482421875 -67.25 -69.15000152587890625 -66.5 -64.09999847412109375
-29.100000381469726562 -16.950000762939453125 -25.698999404907226562 -47.3489990234375 -51.898998260498046875 -59.548999786376953125 -69.8000030517578125 -75.59999847412109375 -34.5 -46.048999786376953125 -66.44899749755859375 -66.1999969482421875 -55.15000152587890625 -61.5 -73.6999969482421875 -74.15000152587890625 -76.5500030517578125 -80.5 -86.40000152587890625 -74.5 -53.799999237060546875 -33.90000152587890625 -27.399999618530273438 -26.549999237060546875 -24.450000762939453125 -26.25 -30.799999237060546875 -27.049999237060546875 -31.100000381469726562 -54.65000152587890625 -56.75 -68.09999847412109375 -66.25 -57.851001739501953125 -40.15000152587890625 -34.299999237060546875 -74.59999847412109375 -67.09999847412109375 -67.65000152587890625 -66.15000152587890625 -65.5500030517578125 -64.5 -63.09999847412109375
-27.950000762939453125 -10.230999946594238281 -9.6160001754760742188 -20.33300018310546875 -23.5 -26.922000885009765625 -20.309000015258789062 -40.0989990234375 -50.799999237060546875 -33.700000762939453125 -30.299999237060546875 -36.15000152587890625 -40.799999237060546875 -38.200000762939453125 -43.09999847412109375 -53.24900054931640625 -62.200000762939453125 -61.65000152587890625 -67.74900054931640625 -84.75 -77.34999847412109375 -32.700000762939453125 -32.15000152587890625 -23.399999618530273438 -23.950000762939453125 -23.049999237060546875 -21.350000381469726562 -20.649999618530273438 -22.5 -41.25 -62.15000152587890625 -72.4499969482421875 -78.5500030517578125 -79.34999847412109375 -75.34999847412109375 -73.90000152587890625 -70.09999847412109375 -65.34999847412109375 -64.1999969482421875 -62.25 -62.65000152587890625 -63.25 -64.40000152587890625
