 {
	"metadata": {
		"name": "Knight Scene",
		"type": "Object",
		"version": 4.4
	},
	"object": {
		"name": "Knight Scene",
		"uuid": "22687136-C93F-4672-AD08-A5C541906FB7",
		"type": "Scene",
		"fog": {
			"type": "Fog",
			"color": 16777215,
			"near": 1000,
			"far": 10000
		},
		"children": [
			{	"name": "Camera",
				"uuid":"0C5F3D71-8679-468E-A532-DBE7F37A537E",
				"type":"PerspectiveCamera",
				"matrix":[
					1,0,0,0,
					0,1,0,0,
					0,0,1,0,
					0,0,2200,1
				],
				"fov": 30,
				"near": 1,
				"far": 10000
			},
			{	"name": "Ground",
				"type": "Mesh",
				"uuid": "9EB88D1E-5890-4E57-A68D-9DF029AA3C91",
				"geometry": "633928E7-768A-4AAC-83D3-E99F8CBE39AF",
				"material": "F7C368CA-E681-48A2-A116-8DDE297F28E1",
				"receiveShadow": true,
				"matrix": [
					1, 0, 0, 0,
					0, 0, -1, 0,
					0, 1, 0, 0,
					0, -250, 0, 1
				]
			},
			{	"name": "Hemi",
				"type": "HemisphereLight",
				"uuid": "F765B605-AEE1-43E6-B188-1995B59FD195",
				"color": 1118481,
				"groundColor": 4473924,
				"intensity": 1,
				"matrix": [
					1, 0, 0, 0,
					0, 1, 0, 0,
					0, 0, 1, 0,
					0, 1, 0, 1
				]
			},
			{	"name": "Directional",
				"type": "DirectionalLight",
				"uuid": "6F9CC4DF-4E69-4F2F-B30D-358B24366303",
				"color": 15463423,
				"intensity": 1.5,
				"castShadow": true,
				"matrix": [
					1, 0, 0, 0,
					0, 1, 0, 0,
					0, 0, 1, 0,
					0, 154, 550, 1
				]
			},
			{	"name": "Knight Mesh",
				"type": "SkinnedMesh",
				"uuid": "B59FCC04-E628-4796-B2E0-E7EEBA9B7D95",
				"geometry": "4C370E0F-5594-47C4-AA39-7A0D45F59BA1",
				"material": "0BF71221-DCE8-48FF-AA91-784B10DF1784",
				"castShadow": true,
				"receiveShadow": true,
				"matrix": [
					60,0,0,0,
					0,60,0,0,
					0,0,60,0,
					0,-248.776917,0,1
				],
				"children": [
					{	"name" : "Armature_DEF_cog",
						"type" : "Bone",
						"matrix" : [-1,0,0,0,0,0,1,0,0,1,0,0,0,6.59559,-0.100367,1],
						"children" : [
							{	"name" : "Armature_DEF_spine_base",
								"type" : "Bone",
								"matrix" : [1,0,0,0,0,-0.014463,0.999896,0,0,-0.999896,-0.014463,0,0,0,0,1],
								"children" : [
									{	"name" : "Armature_DEF_spine",
										"type" : "Bone",
										"matrix" : [1,0,0,0,0,0.999938,0.011124,0,0,-0.011124,0.999938,0,0,0.582953,0,1],
										"children" : [
											{	"name" : "Armature_DEF_neck",
												"type" : "Bone",
												"matrix" : [1,0,0,0,0,0.965294,-0.261166,0,0,0.261166,0.965294,0,0,2.38045,0,1],
												"children" : [
													{	"name" : "Armature_DEF_head",
														"type" : "Bone",
														"matrix" : [1,0,0,0,0,0.997961,0.063827,0,0,-0.063827,0.997961,0,0,0.515184,0,1]
													}
												]
											},
											{	"name" : "Armature_DEF_shoulder_L",
												"type" : "Bone",
												"matrix" : [-0.349144,-0.003655,-0.937061,0,-0.88448,-0.328998,0.330837,0,-0.309501,0.944322,0.111636,0,-0.448866,2.34411,-0.383927,1],
												"children" : [
													{	"name" : "Armature_DEF_biceps_L",
														"type" : "Bone",
														"matrix" : [0.972154,-0.214741,-0.093826,0,0.233699,0.918061,0.320233,0,0.017371,-0.333242,0.942681,0,0,1.23321,0,1],
														"children" : [
															{	"name" : "Armature_DEF_arm_L",
																"type" : "Bone",
																"matrix" : [0.973913,-0.222923,0.042416,0,0.224295,0.974032,-0.030889,0,-0.034428,0.039597,0.998622,0,0,1.84572,0,1],
																"children" : [
																	{	"name" : "Armature_carpus_L",
																		"type" : "Bone",
																		"matrix" : [0.983341,0.160715,0.08492,0,-0.162359,0.986649,0.012776,0,-0.081733,-0.026351,0.996306,0,0,2.08019,0,1],
																		"children" : [
																			{	"name" : "Armature_handA_L",
																				"type" : "Bone",
																				"matrix" : [0.988955,0.042982,-0.141848,0,-0.010095,0.97434,0.224856,0,0.147873,-0.220941,0.964012,0,0,0.178703,0,1],
																				"children" : [
																					{	"name" : "Armature_handB_L",
																						"type" : "Bone",
																						"matrix" : [0.99699,-0.077426,-0.003931,0,0.072038,0.943967,-0.322081,0,0.028649,0.320828,0.946704,0,0,0.344372,0,1],
																						"children" : [
																							{	"name" : "Armature_handC_L",
																								"type" : "Bone",
																								"matrix" : [0.999755,0.005696,0.021373,0,-0.00504,0.999519,-0.030608,0,-0.021537,0.030493,0.999303,0,0,0.42432,0,1],
																								"children" : [
																									{	"name" : "Armature_finger4A_L",
																										"type" : "Bone",
																										"matrix" : [0.974038,0.226012,0.012938,0,-0.226375,0.971945,0.06386,0,0.001858,-0.065131,0.997875,0,-0.348629,0.082658,-0.022307,1],
																										"children" : [
																											{	"name" : "Armature_finger4B_L",
																												"type" : "Bone",
																												"matrix" : [0.999956,-0.007676,0.005472,0,0.007786,0.999763,-0.020331,0,-0.005314,0.020373,0.999778,0,0,0.264999,0,1],
																												"children" : [
																													{	"name" : "Armature_finger4C_L",
																														"type" : "Bone",
																														"matrix" : [0.999998,-0.001905,0.000556,0,0.0019,0.999956,0.009191,0,-0.000573,-0.00919,0.999958,0,0,0.234622,0,1]
																													}
																												]
																											}
																										]
																									},
																									{	"name" : "Armature_finger3A_L",
																										"type" : "Bone",
																										"matrix" : [0.993126,0.116878,-0.006359,0,-0.116308,0.991474,0.058758,0,0.013172,-0.057615,0.998252,0,-0.134276,0.117965,0.054379,1],
																										"children" : [
																											{	"name" : "Armature_finger3B_L",
																												"type" : "Bone",
																												"matrix" : [0.999941,-0.000418,0.010839,0,0.000908,0.998978,-0.045193,0,-0.010809,0.045201,0.998919,0,0,0.438173,0,1],
																												"children" : [
																													{	"name" : "Armature_finger3C_L",
																														"type" : "Bone",
																														"matrix" : [0.999986,-0.00008,-0.00521,0,-0.000094,0.999444,-0.033348,0,0.00521,0.033348,0.99943,0,0,0.32559,0,1]
																													}
																												]
																											}
																										]
																									},
																									{	"name" : "Armature_finger2A_L",
																										"type" : "Bone",
																										"matrix" : [0.995931,0.087479,-0.02164,0,-0.082949,0.983751,0.159225,0,0.035217,-0.156782,0.987005,0,0.111712,0.145074,0.026282,1],
																										"children" : [
																											{	"name" : "Armature_finger2B_L",
																												"type" : "Bone",
																												"matrix" : [0.99965,-0.026432,0.000537,0,0.026217,0.988486,-0.149021,0,0.003408,0.148983,0.988834,0,0,0.506091,0,1],
																												"children" : [
																													{	"name" : "Armature_finger2C_L",
																														"type" : "Bone",
																														"matrix" : [0.999982,0.000322,-0.00607,0,-0.00022,0.99986,0.016759,0,0.006075,-0.016757,0.999841,0,0,0.348161,0,1]
																													}
																												]
																											}
																										]
																									},
																									{	"name" : "Armature_finger1A_L",
																										"type" : "Bone",
																										"matrix" : [0.998019,-0.050587,-0.037415,0,0.052503,0.997259,0.052129,0,0.034675,-0.05399,0.997939,0,0.325705,0.132745,-0.012013,1],
																										"children" : [
																											{	"name" : "Armature_finger1B_L",
																												"type" : "Bone",
																												"matrix" : [0.998426,-0.056076,-0.00045,0,0.05601,0.997584,-0.041099,0,0.002754,0.041009,0.999155,0,0,0.477781,0,1],
																												"children" : [
																													{	"name" : "Armature_finger1C_L",
																														"type" : "Bone",
																														"matrix" : [0.999993,-0.003609,-0.00134,0,0.00357,0.999601,-0.02801,0,0.001441,0.028005,0.999607,0,0,0.316424,0,1]
																													}
																												]
																											}
																										]
																									}
																								]
																							}
																						]
																					},
																					{	"name" : "Armature_thumbA_L",
																						"type" : "Bone",
																						"matrix" : [0.349103,-0.687413,-0.63686,0,0.79185,0.579822,-0.191784,0,0.5011,-0.437345,0.746745,0,0.132857,0.107478,-0.091165,1],
																						"children" : [
																							{	"name" : "Armature_thumbB_L",
																								"type" : "Bone",
																								"matrix" : [0.967416,-0.193225,-0.163614,0,0.187577,0.981005,-0.049446,0,0.17006,0.017145,0.985285,0,0,0.501614,0,1],
																								"children" : [
																									{	"name" : "Armature_thumbC_L",
																										"type" : "Bone",
																										"matrix" : [0.997611,-0.054086,-0.042985,0,0.052704,0.998076,-0.032653,0,0.044669,0.03031,0.998542,0,0,0.463134,0,1]
																									}
																								]
																							}
																						]
																					}
																				]
																			}
																		]
																	}
																]
															},
															{	"name" : "Armature_REF_arm_L",
																"type" : "Bone",
																"matrix" : [0.973913,-0.222923,0.042416,0,0.224295,0.974032,-0.030889,0,-0.034428,0.039597,0.998622,0,0,1.84572,0,1]
															}
														]
													}
												]
											},
											{	"name" : "Armature_DEF_shoulder_R",
												"type" : "Bone",
												"matrix" : [-0.349144,0.003655,0.937061,0,0.88448,-0.328998,0.330837,0,0.309501,0.944322,0.111636,0,0.448866,2.34411,-0.383927,1],
												"children" : [
													{	"name" : "Armature_DEF_biceps_R",
														"type" : "Bone",
														"matrix" : [0.972154,0.214741,0.093826,0,-0.233699,0.918061,0.320233,0,-0.017371,-0.333242,0.942681,0,0,1.23321,0,1],
														"children" : [
															{	"name" : "Armature_DEF_arm_R",
																"type" : "Bone",
																"matrix" : [0.973913,0.222923,-0.042416,0,-0.224295,0.974032,-0.030889,0,0.034428,0.039597,0.998622,0,0,1.84572,0,1],
																"children" : [
																	{	"name" : "Armature_carpus_R",
																		"type" : "Bone",
																		"matrix" : [0.983341,-0.160716,-0.08492,0,0.16236,0.986649,0.012776,0,0.081733,-0.026351,0.996306,0,0,2.08019,0,1],
																		"children" : [
																			{	"name" : "Armature_handA_R",
																				"type" : "Bone",
																				"matrix" : [0.988955,-0.042981,0.141848,0,0.010094,0.97434,0.224856,0,-0.147873,-0.220941,0.964012,0,0,0.178703,0,1],
																				"children" : [
																					{	"name" : "Armature_handB_R",
																						"type" : "Bone",
																						"matrix" : [0.99699,0.077426,0.003931,0,-0.072038,0.943967,-0.322081,0,-0.028648,0.320828,0.946704,0,0,0.344372,0,1],
																						"children" : [
																							{	"name" : "Armature_handC_R",
																								"type" : "Bone",
																								"matrix" : [0.999755,-0.005695,-0.021373,0,0.005039,0.999519,-0.030608,0,0.021537,0.030493,0.999303,0,0,0.42432,0,1],
																								"children" : [
																									{	"name" : "Armature_finger4A_R",
																										"type" : "Bone",
																										"matrix" : [0.974038,-0.226012,-0.012938,0,0.226375,0.971945,0.06386,0,-0.001858,-0.065131,0.997875,0,0.348629,0.082657,-0.022307,1],
																										"children" : [
																											{	"name" : "Armature_finger4B_R",
																												"type" : "Bone",
																												"matrix" : [0.999956,0.007676,-0.005472,0,-0.007786,0.999763,-0.020331,0,0.005314,0.020373,0.999778,0,0,0.264998,0,1],
																												"children" : [
																													{	"name" : "Armature_finger4C_R",
																														"type" : "Bone",
																														"matrix" : [0.999998,0.001905,-0.000556,0,-0.0019,0.999956,0.009191,0,0.000573,-0.00919,0.999958,0,0,0.234622,0,1]
																													}
																												]
																											}
																										]
																									},
																									{	"name" : "Armature_finger3A_R",
																										"type" : "Bone",
																										"matrix" : [0.993126,-0.116879,0.006359,0,0.116309,0.991474,0.058758,0,-0.013172,-0.057615,0.998252,0,0.134276,0.117965,0.054379,1],
																										"children" : [
																											{	"name" : "Armature_finger3B_R",
																												"type" : "Bone",
																												"matrix" : [0.999941,0.000418,-0.010839,0,-0.000908,0.998978,-0.045193,0,0.010809,0.045201,0.998919,0,0,0.438173,0,1],
																												"children" : [
																													{	"name" : "Armature_finger3C_R",
																														"type" : "Bone",
																														"matrix" : [0.999986,0.00008,0.00521,0,0.000094,0.999444,-0.033344,0,-0.00521,0.033344,0.99943,0,0,0.32559,0,1]
																													}
																												]
																											}
																										]
																									},
																									{	"name" : "Armature_finger2A_R",
																										"type" : "Bone",
																										"matrix" : [0.995931,-0.087479,0.02164,0,0.08295,0.983751,0.159225,0,-0.035218,-0.156782,0.987005,0,-0.111712,0.145075,0.026282,1],
																										"children" : [
																											{	"name" : "Armature_finger2B_R",
																												"type" : "Bone",
																												"matrix" : [0.99965,0.026432,-0.000537,0,-0.026217,0.988486,-0.149021,0,-0.003408,0.148983,0.988834,0,0,0.506091,0,1],
																												"children" : [
																													{	"name" : "Armature_finger2C_R",
																														"type" : "Bone",
																														"matrix" : [0.999982,-0.000322,0.00607,0,0.00022,0.99986,0.016759,0,-0.006075,-0.016757,0.999841,0,0,0.348161,0,1]
																													}
																												]
																											}
																										]
																									},
																									{	"name" : "Armature_finger1A_R",
																										"type" : "Bone",
																										"matrix" : [0.998019,0.050586,0.037415,0,-0.052502,0.997259,0.052129,0,-0.034675,-0.05399,0.997939,0,-0.325705,0.132746,-0.012014,1],
																										"children" : [
																											{	"name" : "Armature_finger1B_R",
																												"type" : "Bone",
																												"matrix" : [0.998426,0.056076,0.00045,0,-0.05601,0.997584,-0.041099,0,-0.002754,0.041009,0.999155,0,0,0.477781,0,1],
																												"children" : [
																													{	"name" : "Armature_finger1C_R",
																														"type" : "Bone",
																														"matrix" : [0.999993,0.003609,0.00134,0,-0.00357,0.999601,-0.02801,0,-0.001441,0.028005,0.999607,0,0,0.316424,0,1]
																													}
																												]
																											}
																										]
																									}
																								]
																							}
																						]
																					},
																					{	"name" : "Armature_thumbA_R",
																						"type" : "Bone",
																						"matrix" : [0.349103,0.687413,0.63686,0,-0.79185,0.579822,-0.191784,0,-0.5011,-0.437345,0.746745,0,-0.132857,0.107478,-0.091165,1],
																						"children" : [
																							{	"name" : "Armature_thumbB_R",
																								"type" : "Bone",
																								"matrix" : [0.967416,0.193225,0.163614,0,-0.187577,0.981005,-0.049446,0,-0.170061,0.017145,0.985284,0,0,0.501614,0,1],
																								"children" : [
																									{	"name" : "Armature_thumbC_R",
																										"type" : "Bone",
																										"matrix" : [0.997611,0.054086,0.042985,0,-0.052704,0.998076,-0.032653,0,-0.044669,0.03031,0.998542,0,0,0.463134,0,1]
																									}
																								]
																							}
																						]
																					}
																				]
																			}
																		]
																	}
																]
															},
															{	"name" : "Armature_REF_arm_R",
																"type" : "Bone",
																"matrix" : [0.973913,0.222923,-0.042416,0,-0.224295,0.974032,-0.030889,0,0.034428,0.039597,0.998622,0,0,1.84572,0,1]
															}
														]
													}
												]
											}
										]
									},
									{	"name" : "Armature_DEF_torso",
										"type" : "Bone",
										"matrix" : [1,0,0,0,0,0.999938,0.011124,0,0,-0.011124,0.999938,0,0,0.582953,0,1]
									}
								]
							},
							{	"name" : "Armature_DEF_pelvis",
								"type" : "Bone",
								"matrix" : [-1,0,0,0,0,-1,0,0,0,0,1,0,0,0,0,1],
								"children" : [
									{	"name" : "Armature_hip_L",
										"type" : "Bone",
										"matrix" : [0.951456,-0.016743,0.307328,0,0.302722,-0.129441,-0.944249,0,0.05559,0.991446,-0.118089,0,0.633559,-0.198643,-0.410762,1],
										"children" : [
											{	"name" : "Armature_DEF_thigh_L",
												"type" : "Bone",
												"matrix" : [0.939124,0.284051,0.19329,0,-0.286355,0.957981,-0.01652,0,-0.18986,-0.039835,0.981003,0,0,0.632829,0,1],
												"children" : [
													{	"name" : "Armature_DEF_calf_L",
														"type" : "Bone",
														"matrix" : [0.999588,-0.028151,0.005636,0,0.025585,0.962526,0.26998,0,-0.013025,-0.269725,0.962849,0,0,2.02233,0,1],
														"children" : [
															{	"name" : "Armature_DEF_heel_L",
																"type" : "Bone",
																"matrix" : [0.996579,0.011954,-0.081771,0,0.057547,0.609776,0.790482,0,0.059311,-0.792484,0.607002,0,-0.021896,2.88707,-0.475675,1]
															}
														]
													}
												]
											}
										]
									},
									{	"name" : "Armature_hip_R",
										"type" : "Bone",
										"matrix" : [0.951456,0.016743,-0.307328,0,-0.302722,-0.129441,-0.944249,0,-0.05559,0.991446,-0.118089,0,-0.633559,-0.198643,-0.410762,1],
										"children" : [
											{	"name" : "Armature_DEF_thigh_R",
												"type" : "Bone",
												"matrix" : [0.939124,-0.284051,-0.19329,0,0.286355,0.957981,-0.01652,0,0.18986,-0.039835,0.981003,0,0,0.632829,0,1],
												"children" : [
													{	"name" : "Armature_DEF_calf_R",
														"type" : "Bone",
														"matrix" : [0.999588,0.028151,-0.005636,0,-0.025585,0.962526,0.26998,0,0.013025,-0.269725,0.962849,0,0,2.02233,0,1],
														"children" : [
															{	"name" : "Armature_DEF_heel_R",
																"type" : "Bone",
																"matrix" : [0.999112,-0.016949,0.038571,0,-0.020253,0.609557,0.792484,0,-0.036943,-0.792562,0.608672,0,0.021897,2.88707,-0.475675,1]
															}
														]
													}
												]
											}
										]
									},
									{	"name" : "Armature_DEF_beltA_L",
										"type" : "Bone",
										"matrix" : [0.796606,0.562834,0.220536,0,0.294728,-0.043096,-0.954608,0,-0.527782,0.825444,-0.200213,0,0.684952,-1.23189,-0.378074,1]
									},
									{	"name" : "Armature_DEF_beltB_L",
										"type" : "Bone",
										"matrix" : [0.495048,0.852545,0.167612,0,0.296177,0.015774,-0.955002,0,-0.816827,0.522414,-0.244695,0,0.956542,-0.948859,-0.263877,1]
									},
									{	"name" : "Armature_DEF_beltC_L",
										"type" : "Bone",
										"matrix" : [-0.015515,0.999666,-0.020625,0,0.338835,-0.014149,-0.940739,0,-0.940717,-0.021585,-0.338501,0,1.0901,-0.516434,0.000153,1]
									},
									{	"name" : "Armature_DEF_beltD_L",
										"type" : "Bone",
										"matrix" : [-0.407162,0.890368,-0.203629,0,0.396718,-0.028417,-0.917501,0,-0.8227,-0.454354,-0.341655,0,1.01277,-0.006088,0.121083,1]
									},
									{	"name" : "Armature_DEF_beltA_R",
										"type" : "Bone",
										"matrix" : [0.796606,-0.562834,-0.220536,0,-0.294728,-0.043096,-0.954608,0,0.527782,0.825444,-0.200213,0,-0.684952,-1.23189,-0.378074,1]
									},
									{	"name" : "Armature_DEF_beltB_R",
										"type" : "Bone",
										"matrix" : [0.495048,-0.852545,-0.167612,0,-0.296177,0.015774,-0.955002,0,0.816827,0.522414,-0.244695,0,-0.956542,-0.948859,-0.263877,1]
									},
									{	"name" : "Armature_DEF_beltC_R",
										"type" : "Bone",
										"matrix" : [-0.015515,-0.999666,0.020625,0,-0.338835,-0.014149,-0.940739,0,0.940717,-0.021585,-0.338501,0,-1.0901,-0.516434,0.000153,1]
									},
									{	"name" : "Armature_DEF_beltD_R",
										"type" : "Bone",
										"matrix" : [-0.407162,-0.890368,0.203629,0,-0.396718,-0.028417,-0.917501,0,0.8227,-0.454354,-0.341655,0,-1.01277,-0.006088,0.121083,1]
									}
								]
							}
						]
					},
					{	"name" : "Armature_DEF_toes_L",
						"type" : "Bone",
						"matrix" : [0.998287,0,-0.058511,0,-0.058511,0,-0.998287,0,0,1,0,0,0.98547,0,2.15325,1],
						"children" : [
							{	"name" : "Armature_DEF_footA_L",
								"type" : "Bone",
								"matrix" : [0.999829,0.018494,0,0,-0.018494,0.999829,0,0,0,0,1,0,0.010104,0.274313,0,1],
								"children" : [
									{	"name" : "Armature_DEF_footB_L",
										"type" : "Bone",
										"matrix" : [0.999999,-0.001255,0,0,0.001255,0.999999,0,0,0,0,1,0,0,0.445289,0,1],
										"children" : [
											{	"name" : "Armature_DEF_footC_L",
												"type" : "Bone",
												"matrix" : [0.999869,-0.016205,0,0,0.016205,0.999869,0,0,0,0,1,0,0,0.341904,0,1],
												"children" : [
													{	"name" : "Armature_DEF_footD_L",
														"type" : "Bone",
														"matrix" : [0.999929,-0.011894,0,0,0.011894,0.999929,0,0,0,0,1,0,0,0.415182,0,1]
													}
												]
											}
										]
									}
								]
							}
						]
					},
					{	"name" : "Armature_DEF_toes_R",
						"type" : "Bone",
						"matrix" : [0.998287,0,0.058511,0,0.058511,0,-0.998287,0,0,1,0,0,-0.98547,0,2.15325,1],
						"children" : [
							{	"name" : "Armature_DEF_footA_R",
								"type" : "Bone",
								"matrix" : [0.999829,-0.018494,0,0,0.018494,0.999829,0,0,0,0,1,0,-0.010104,0.274313,0,1],
								"children" : [
									{	"name" : "Armature_DEF_footB_R",
										"type" : "Bone",
										"matrix" : [0.999999,0.001255,0,0,-0.001255,0.999999,0,0,0,0,1,0,0,0.445289,0,1],
										"children" : [
											{	"name" : "Armature_DEF_footC_R",
												"type" : "Bone",
												"matrix" : [0.999869,0.016205,0,0,-0.016205,0.999869,0,0,0,0,1,0,0,0.341904,0,1],
												"children" : [
													{	"name" : "Armature_DEF_footD_R",
														"type" : "Bone",
														"matrix" : [0.999929,0.011894,0,0,-0.011894,0.999929,0,0,0,0,1,0,0,0.415182,0,1]
													}
												]
											}
										]
									}
								]
							}
						]
					},
					{	"name" : "Armature_DEF_sword",
						"type" : "Bone",
						"matrix" : [-1,0,0,0,0,-1,0,0,0,0,1,0,0.000002,8.87587,3.11274,1]
					}
				]
			}
		]
	},
	"geometries": [
		{	"name": "GroundGeometry",
			"type": "PlaneBufferGeometry",
			"uuid": "633928E7-768A-4AAC-83D3-E99F8CBE39AF",
			"width": 16000,
			"height": 16000
		},
		{	"name": "KnightGeometry",
			"type": "BufferGeometry",
			"uuid": "4C370E0F-5594-47C4-AA39-7A0D45F59BA1",
			"data": {
				"attributes": {
					"position": {
						"itemSize": 3,
						"type": "Float32Array",
